0,1464,2696,0.011514746522227545
1,1005,797,0.1534042050901328
2,1290,614,0.03873107848508281
3,1324,1988,0.12560426360304858
4,1800,651,0.09990585956401216
5,109,3755,0.01147062313255694
6,786,1950,0.04357303924676225
7,496,452,0.06563552487902811
8,1433,3103,0.014936555263787754
9,1004,146,0.2076319383585101
10,1603,1639,0.016187067205956193
11,172,1885,0.014275268418800035
12,286,808,0.014951201901712617
13,1772,510,0.031739054320696326
14,1594,2756,0.06129136349485322
15,1876,570,0.12087291540448812
16,924,2323,0.01764444104550536
17,473,2223,0.019774994450473992
18,1703,2787,0.1637282808836125
19,666,607,0.016612490863896556
20,1816,3330,0.055794111438443546
21,1448,3484,0.010786686596163204
22,1530,3584,0.01703168287748756
23,64,2302,0.01887351824837868
24,1997,2480,0.16272322352462987
25,445,773,0.03689185184751732
26,1893,1173,0.18424553694283027
27,501,3139,0.01274081413360281
28,1121,1046,0.8163783402188498
29,401,41,0.011206577888871704
30,121,1228,0.010032732379098247
31,1733,798,0.09202864046873051
32,945,1282,0.06425853283044469
33,328,278,0.011371251129619802
34,1009,3586,0.011664780059987048
35,1891,2786,0.056323407900856486
36,82,537,0.012424743281776816
37,1540,3497,0.014881916465365953
38,554,2050,0.03285010364716443
39,703,2925,0.011130593821379866
40,111,3833,0.4060998090643881
41,568,3399,0.42975911839857295
42,1977,2266,0.015974701617648353
43,593,3963,0.05964618847958768
44,1115,259,0.020596517570555556
45,1167,1986,0.011471501877790368
46,1304,463,0.023067341615510255
47,1684,3255,0.016098316109766496
48,220,648,0.011732657021362256
49,1223,1193,0.059436192585620426
50,1969,3870,0.059420446056796354
51,631,1340,0.02690514897979809
52,760,2508,0.01772254865685575
53,1242,1670,0.011000786782395341
54,953,2177,0.015968243504486265
55,306,3190,0.024095298427886096
56,1129,3697,0.02223127808017288
57,665,529,0.01839451547789805
58,1309,3107,0.010959741202913655
59,519,1623,0.03403957569787419
60,822,2492,0.0578456435428222
61,1229,882,0.01759443942719855
62,358,2291,0.011116836517990624
63,104,1194,0.013712365772919068
64,844,1839,0.34554963285510637
65,1686,1472,0.0211500285568586
66,256,2213,0.025234536283694986
67,1168,2866,0.036143122257515384
68,1859,557,0.09810620076436413
69,171,1519,0.035047644498465785
70,1244,1698,0.012013299037357088
71,538,26,0.016152411945950004
72,1440,772,0.03975389622388806
73,317,2211,0.013188795917307608
74,1573,3886,0.02974600486258201
75,1442,1280,0.011150816693926561
76,1507,999,0.012045470474652827
77,1038,2700,0.01335336834768864
78,1182,3205,0.016170933668246134
79,911,1105,0.021422608046663395
80,182,3468,0.0234886039314619
81,1232,2926,0.01706802294833167
82,1421,1068,0.11926699521569492
83,684,2385,0.01416466663909128
84,555,679,0.03414950197014546
85,878,2558,0.06182841860345516
86,51,3962,0.1501042374909391
87,101,3828,0.011024763311063078
88,1261,3356,0.021273668538720144
89,1514,2576,0.060888671567160886
90,1774,2893,0.3327786039792816
91,243,2089,0.01028545326843234
92,1018,1417,0.011306249277424024
93,1901,898,0.04018984092232669
94,961,1195,0.01015025895423373
95,1130,2749,0.02067486991307458
96,954,1900,0.5933867821994707
97,1157,2938,0.16131537533130927
98,1408,2127,0.03793983388972781
99,1722,47,0.012168794483092936
100,334,2548,0.010604099596050229
101,1193,1461,0.01171750304389795
102,8,3802,0.07667886258655854
103,415,39,0.03174057518864509
104,657,520,0.012891428217382902
105,753,3711,0.010414547528988547
106,178,3709,0.0183795109320682
107,11,853,0.010699842850156363
108,1251,931,0.014071126061862994
109,1662,746,0.014061473530589168
110,449,708,0.015257385051075323
111,1091,2419,0.012569301399816088
112,96,1295,0.35310228625905815
113,1561,2442,0.03533765280589198
114,1700,3604,0.02515805340599115
115,972,3973,0.014362804614255624
116,447,3547,0.019314773660122433
117,800,1080,0.013488559943411553
118,176,3629,0.01347833780034604
119,535,1174,0.09036650328319797
120,1050,954,0.011420414271914155
121,1482,2637,0.010844977811339473
122,1588,526,0.011205743808476554
123,586,1824,0.021844926290591253
124,1040,2202,0.014579300473396959
125,385,3939,0.010572184556664454
126,696,3436,0.011784361894514692
127,84,903,0.10836584546059866
128,181,740,0.01643477014183771
129,1467,3907,0.5038119045386171
130,533,2898,0.02461326592623385
131,192,1051,0.03263462379095973
132,1032,3463,0.0252131104306657
133,952,1356,0.013244773443958302
134,335,933,0.013166366142381645
135,1226,625,0.01443267988086231
136,1179,1542,0.030978066357965253
137,612,3890,0.01902424995637629
138,766,1037,0.02273364472985444
139,217,1833,0.020026555121241758
140,990,1663,0.0191981844612063
141,564,1598,0.024353264446629948
142,1829,1316,0.027265291496161855
143,402,3566,0.09569675203269103
144,1353,1234,0.015369923657629363
145,1975,3402,0.010095981100915427
146,270,880,0.03466545114466636
147,463,148,0.021615469852735502
148,897,981,0.06390148408465923
149,1236,3637,0.013774275384580117
150,605,2234,0.011492434923525509
151,1134,1086,0.033237556622530945
152,1627,482,0.04395460122399009
153,1711,3734,0.012273763104763193
154,1347,3219,0.07770529765472606
155,768,1404,0.027112339275227902
156,174,2054,0.03199842727751705
157,1114,995,0.012077397015075295
158,254,3448,0.018886315902901893
159,63,3983,0.03728651081490154
160,558,2856,0.010944687342152808
161,98,3305,0.012058330582757236
162,99,413,0.05865174769482244
163,1463,3224,0.026222740440852443
164,420,2292,0.08854480070483821
165,250,2770,0.04119790523698695
166,1967,1057,0.31960538190318544
167,444,2656,0.026957515229582514
168,1830,859,0.01938479842419373
169,403,1605,0.018359067483429498
170,1383,3523,0.01225636197212783
171,836,2278,0.04724040165712503
172,693,1990,0.012033579768876968
173,305,2298,0.01627532530212374
174,732,1821,0.662899250516057
175,650,401,0.02369240550374584
176,65,3835,0.017886875193693676
177,330,680,0.01111627678771796
178,1154,2111,0.010792292944120369
179,196,346,0.02001060526908822
180,607,2200,0.01673865220657475
181,1970,3157,0.015473194400202775
182,872,352,0.01505644652855211
183,615,1954,0.04515624306997588
184,756,3403,0.011127668643936663
185,1534,1189,0.03090146488077946
186,1789,1240,0.04724753159741865
187,1207,2912,0.42402563231671103
188,1956,1486,0.0103966654390446
189,187,2542,0.28219349752325157
190,1752,1567,0.014236128019823317
191,1362,1437,0.04989925637002095
192,1253,3769,0.03409744052186901
193,1982,3808,0.011844033559938256
194,300,2230,0.022340465108276603
195,367,2429,0.06690811890884255
196,1173,2124,0.19630060714468814
197,1870,2956,0.018768180948813988
198,451,178,0.012540962885741498
199,1254,2987,0.02834412655168621
200,512,2174,0.011330118245162096
201,1922,2074,0.025180071924514432
202,466,3193,0.014271126656146382
203,1308,1466,0.047209601094772846
204,705,169,0.020741221191539476
205,1757,2068,0.048663938598843506
206,194,841,0.012088076715403724
207,147,1711,0.03989625168124418
208,1279,1774,0.01607365642794649
209,1496,3504,0.02168487379518401
210,929,3325,0.03000525905883126
211,1742,488,0.017554599477333822
212,1293,1727,0.02680603307848732
213,356,1484,0.017086840723739526
214,848,2397,0.012661728829758334
215,331,3931,0.013070470438555071
216,1896,157,0.01123902163006544
217,1814,18,0.017276190515898546
218,1310,1998,0.022391642875121246
219,623,3134,0.011975490743404371
220,1273,558,0.018640523474103464
221,999,3153,0.07304444003110641
222,706,1509,0.011367036631601067
223,320,3753,0.011573132222731552
224,1819,2103,0.043674579912108484
225,1669,491,0.1453653588059867
226,1267,2176,0.0614965659807659
227,502,2294,0.019224429185303392
228,1987,2217,0.014274930063847923
229,1306,70,0.043478333467290214
230,989,2980,0.7805312106211051
231,701,1778,0.01645457841798693
232,1027,1768,0.010597568823059584
233,1170,403,0.010102573766738928
234,486,1033,0.011151877516014562
235,853,2381,0.10120370723407658
236,1519,3033,0.02905281335038
237,319,1751,0.018267625023097093
238,49,1206,0.012150903226351047
239,1848,848,0.04706172742781423
240,170,3528,0.060574024863377526
241,1692,1002,0.019082225001750226
242,1469,3296,0.04379208547747604
243,1940,1409,0.0205046599304431
244,1356,1429,0.016272000301033235
245,1577,3362,0.010978915384425726
246,94,894,0.012421637775774019
247,422,711,0.01945415496377439
248,153,1259,0.012127775204647062
249,899,1745,0.1090567949319363
250,1771,3641,0.01590932595440185
251,582,3512,0.01894741541961724
252,1929,731,0.011329690249983348
253,290,3750,0.011492524570414008
254,135,2574,0.04211958257102065
255,1990,3136,0.016673747813070537
256,933,1911,0.057114451971814806
257,936,1348,0.020878136679262988
258,1350,588,0.011586291566309748
259,942,2001,0.010440821380769828
260,967,2993,0.01818937362195423
261,1806,1130,0.027028462254914634
262,671,1886,0.11911382206960247
263,1368,1982,0.01644011346345277
264,881,1059,0.010460653537813993
265,962,3451,0.06317446947535543
266,1825,3799,0.5042213892648608
267,1611,319,0.017788782988968927
268,1070,3331,0.18760424386027258
269,1945,147,0.03125247863887974
270,1635,81,0.014460119871590571
271,1950,3932,0.011015488374761009
272,876,1272,0.012675928731475319
273,1294,3250,0.010428531973999757
274,630,2110,0.2756460396095246
275,299,750,0.0235065579403298
276,39,3810,0.010903790955600838
277,968,768,0.011165815941276335
278,1057,1548,0.011059876738994367
279,1999,2334,0.016444034998439532
280,443,3214,0.011350565914099662
281,1780,3352,0.02058341182465094
282,1886,2615,0.06028429876549659
283,814,1364,0.011829666630505968
284,507,1365,0.025812364279107124
285,614,1382,0.010512595409837972
286,1074,1726,0.012010886983480885
287,5,235,0.07613588825132495
288,202,2473,0.0256818287294314
289,1869,394,0.01676952911678726
290,1284,3333,0.012025122606857891
291,1613,334,0.010099023173130287
292,1653,3597,0.245947990437322
293,1840,3994,0.10173622367758402
294,1579,236,0.012647252052275943
295,565,1533,0.028317506966339265
296,821,2272,0.019774839211180017
297,100,90,0.11587718105461198
298,804,3337,0.011592389406446935
299,80,127,0.011236101882685525
300,1861,1374,0.03365101801698593
301,1563,601,0.021033668978202316
302,634,2730,0.03713231314679592
303,658,939,0.01283855817818591
304,1055,2440,0.14345717371742728
305,1065,73,0.020451344406995316
306,548,959,0.01161977981685779
307,1584,2006,0.09866024878471392
308,9,2464,0.019083663166632844
309,978,3457,0.010114909073621201
310,313,2497,0.017587016637696476
311,1679,934,0.01031006836280829
312,735,3397,0.03703526963002713
313,1438,2732,0.01567319393850931
314,997,2822,0.0523595241879044
315,378,949,0.07343752081144034
316,1936,1055,0.0621881542801466
317,1996,1866,0.01823943685080519
318,674,188,0.02172857061978208
319,1821,2719,0.0542547911722479
320,18,1994,0.013499936300150952
321,625,1420,0.025133617836925484
322,1854,1304,0.011816968920385402
323,1529,3416,0.020262060057598053
324,985,2832,0.1923207631741537
325,1411,1875,0.017231097071253688
326,1676,483,0.01055327779579473
327,1650,1780,0.08863886381100804
328,521,3623,0.014026043381578472
329,1014,988,0.05667964201979823
330,619,2579,0.011297970638765779
331,1803,2811,0.010878869969656329
332,1326,2813,0.011908663675464125
333,185,956,0.02744937932677684
334,1176,1868,0.5675516540667792
335,852,3086,0.012073055470764604
336,1632,1024,0.011377827354431196
337,1169,291,0.04280488300634721
338,1823,1379,0.010064394999554966
339,609,2782,0.015214456207590607
340,1285,617,0.03309830070486611
341,1127,262,0.03077233646032058
342,1271,2399,0.010425932379319203
343,83,1454,0.012879252929105916
344,708,108,0.01454611416512953
345,737,863,0.044240249015343444
346,498,879,0.011707590484519826
347,1566,2648,0.011268100422828033
348,841,170,0.015090066163349257
349,744,1668,0.013436687286793132
350,547,3978,0.034232401691384175
351,1754,1177,0.1662309503514062
352,397,2358,0.011793900731773556
353,1147,1115,0.030472116130687992
354,1709,409,0.014313460504581606
355,282,744,0.010507515630283128
356,1792,624,0.013924881696383761
357,1547,1357,0.049885006298030346
358,641,478,0.010760910372512374
359,1687,72,0.01051285205153591
360,788,35,0.011949446084102661
361,777,2100,0.011865297567222249
362,1410,3155,0.011727815048350923
363,1118,1499,0.03557376994712499
364,1072,3164,0.015148307693020295
365,1468,3590,0.016079787081071648
366,1847,1400,0.027208414207960357
367,1885,3545,0.011861155901324229
368,912,2265,0.12589461019798173
369,1331,2962,0.02168487790740713
370,488,2066,0.4003632931124291
371,344,1208,0.012155949159503951
372,1971,2486,0.17553097526161732
373,647,3454,0.018264402710686058
374,542,3837,0.01179373218627992
375,489,3596,0.01316128191270354
376,1318,642,0.08819569868897731
377,746,2676,0.0852852498823336
378,1649,1722,0.12614371892842535
379,1811,2900,0.010445092040831763
380,963,116,0.19605930671238533
381,1630,1899,0.02588513032279708
382,1371,2264,0.022260986810257885
383,69,3738,0.013707492004531632
384,157,1343,0.0718580691926916
385,517,479,0.014652309235077977
386,795,2085,0.07794213793976222
387,1708,2737,0.10633822404147017
388,469,4,0.20288579124095896
389,1583,1943,0.012558340868104964
390,120,1860,0.012048782717397243
391,1012,1798,0.12285721772580326
392,1214,3432,0.09268289535963552
393,85,3732,0.020138427362119026
394,1329,3114,0.01852256326480542
395,459,3466,0.011477781222135854
396,1219,341,0.01070027872224522
397,850,3197,0.18571569630352472
398,1150,2600,0.1197520511579638
399,1222,1358,0.021086730317869694
400,474,2059,0.040038796438646856
401,41,1775,0.02079237701698395
402,1909,3043,0.051304957754591325
403,676,696,0.015328840622514564
404,288,2631,0.01742045658263546
405,45,2210,0.28364406580052604
406,955,3034,0.010853907259613051
407,506,1418,0.046353027969534395
408,787,71,0.014387060962984366
409,491,1608,0.030228629092575118
410,460,420,0.11486533336242655
411,197,271,0.01340115998977208
412,273,457,0.06518205425194828
413,763,3406,0.05533619814375314
414,140,320,0.06705163949307874
415,1849,1269,0.05533459389848872
416,829,2383,0.016936965963099734
417,1582,2251,0.31570436697950005
418,361,771,0.09611300336656861
419,1776,2314,0.018607598252674443
420,267,1800,0.01630683561569604
421,1446,3088,0.017778596578771046
422,982,2047,0.06631574705667044
423,1962,2288,0.025839509220460428
424,583,2150,0.011597689158402204
425,840,2080,0.014352658505777896
426,1824,784,0.017230505767751897
427,1658,1166,0.021736671994946263
428,727,484,0.04647481632235077
429,1020,335,0.010776092921141851
430,152,3540,0.011837521356012211
431,1813,1424,0.26617281738887455
432,1851,3971,0.01886652091929307
433,992,2058,0.021228256504083342
434,1423,3198,0.01040292707749228
435,472,230,0.020082720473048175
436,1717,1682,0.6495441249168808
437,383,1917,0.02948726269126147
438,283,1100,0.030478052437704784
439,1105,1844,0.0170203515177797
440,928,2674,0.04508161548674863
441,81,3241,0.010012480010060373
442,1795,1754,0.014973864038671354
443,1011,1535,0.015493566038026868
444,1503,3958,0.012944198321872552
445,1415,477,0.012840841889787104
446,1812,2870,0.057940269114324774
447,1064,283,0.06917143132716753
448,718,2907,0.03402951995628171
449,1264,1797,0.014306371781261857
450,1657,1619,0.019526433523722967
451,1666,600,0.01762195161329289
452,1523,697,0.011827558436454838
453,295,3036,0.11346970982564172
454,279,2954,0.03826070616479538
455,845,1243,0.014138134890751088
456,606,2617,0.011801286141722475
457,248,2675,0.014524378819344683
458,1239,3567,0.061647244165471786
459,749,2289,0.024518711551290408
460,865,3807,0.023922072656471748
461,807,2715,0.010767885833402178
462,664,2474,0.01773524480842857
463,339,286,0.048004495653114744
464,1478,1864,0.026869526801401655
465,646,2671,0.01293811096873139
466,1590,3398,0.01142206585464792
467,377,776,0.011916995371286241
468,1646,2913,0.01468190771708881
469,1569,2850,0.030518419263122133
470,1192,1328,0.010494274158465416
471,559,237,0.013988473787293034
472,687,205,0.05099802494910209
473,1398,2860,0.011865907751915889
474,1430,2584,0.01991417258655821
475,1765,2369,0.04910895431109326
476,1252,630,0.0796618977754157
477,285,2029,0.015386599595032392
478,943,1820,0.019510117790457214
479,1307,989,0.022632021952813733
480,1153,351,0.03776705932916711
481,834,1263,0.015670306572443775
482,232,2488,0.018059571196381078
483,1280,1035,0.019392920405224577
484,1453,2647,0.22731520804366515
485,838,74,0.011672690168875354
486,1215,3283,0.011514552152706619
487,454,2929,0.016563683602009074
488,1716,3580,0.03257615753783528
489,1287,2807,0.011797305468709407
490,782,2833,0.01061146797060562
491,1403,881,0.14183799472346453
492,740,730,0.0201234076278893
493,511,10,0.012976329405525002
494,408,2952,0.05663029183957874
495,537,3175,0.01055024440292092
496,246,2947,0.2191634688476502
497,1796,109,0.04496268529771323
498,1067,2324,0.01749786736013518
499,1069,3644,0.024511775489254
500,803,2437,0.04777013181857332
501,1689,978,0.012084556358048731
502,1166,1032,0.12402766665033545
503,644,1502,0.022231061424652337
504,88,69,0.01173298072520088
505,1694,2747,0.011039426783404926
506,957,923,0.08703463246225819
507,226,1537,0.013750425263628996
508,72,2375,0.012942884072920349
509,1471,3465,0.012078263335912274
510,789,1968,0.022975064328280715
511,500,1723,0.06747990861442854
512,62,1699,0.01119934685194848
513,1622,1276,0.012282325260984352
514,1385,962,0.014939577914943157
515,633,3579,0.014775557658535825
516,1145,1019,0.04828179281508683
517,719,3057,0.046471099414304266
518,1614,2842,0.01620993168160306
519,1068,1796,0.012739894866668955
520,1099,1027,0.024188508228906343
521,221,1354,0.012362443010087282
522,1612,365,0.024661808523662853
523,717,811,0.013641089610824355
524,1178,2910,0.014937807026766243
525,918,20,0.02716078475399001
526,1770,2232,0.023512501344639475
527,1706,23,0.03200345931406611
528,1441,3431,0.011337454260358313
529,1596,2479,0.01451387594258739
530,464,1368,0.012410129959854521
531,1164,2216,0.011742059900328077
532,22,2554,0.025777282935060753
533,1655,1777,0.02354571604310777
534,1787,1438,0.055596799331130035
535,1274,2714,0.012579895601218615
536,1340,920,0.022432906273499156
537,86,2343,0.012146980554219658
538,1144,3922,0.011785928063468589
539,1103,2772,0.07429083342685469
540,1773,449,0.26846313358448193
541,690,3486,0.04198174542067035
542,726,3910,0.03039037993621723
543,391,1415,0.17330518454224028
544,262,3311,0.12317459152194214
545,1860,2392,0.04411181364178763
546,166,2915,0.034221456109215155
547,1972,2703,0.046804935554858644
548,1092,333,0.17450391101893015
549,1289,2242,0.011699484887689661
550,884,3053,0.012891052703666203
551,1935,3519,0.01172961034249077
552,1277,60,0.010144344799512418
553,36,2109,0.010948811995972293
554,683,3016,0.030754484485673687
555,183,1813,0.06893638899718575
556,531,1430,0.0562366555128426
557,1572,2101,0.01736185877198129
558,757,187,0.02280916020124692
559,1139,487,0.04669233729177127
560,1437,3467,0.02687320865144331
561,1707,621,0.08263286345764712
562,993,30,0.04702714461667149
563,663,1421,0.01484912659790324
564,406,3393,0.013689030602708456
565,1993,1247,0.023297822189441493
566,842,1970,0.023339997917370004
567,424,2034,0.06196952485655483
568,712,942,0.18146840383718948
569,347,646,0.033398197697910456
570,720,2240,0.06542809857389856
571,404,2471,0.012483961260516617
572,1670,2903,0.0893829137100871
573,847,574,0.014230921162555189
574,1148,79,0.018442757217652105
575,864,2483,0.131512924557933
576,1798,2680,0.024628923465336485
577,1763,3979,0.011218031754595762
578,1691,3777,0.0167639208462799
579,484,2982,0.02537677135581288
580,119,681,0.054663147221422854
581,419,2388,0.012596797446983119
582,620,1762,0.06515994099960633
583,1071,2248,0.016446637842029824
584,1019,3142,0.01210451022287243
585,1660,1346,0.02787999838172664
586,1602,2231,0.023874929180531756
587,802,404,0.010171671842377002
588,222,2477,0.0526919970308591
589,1342,1314,0.021462592626575825
590,1580,2783,0.012434377601941613
591,1698,3536,0.01872440795596883
592,1262,2520,0.013545959998363458
593,1656,3358,0.014461241146983484
594,1231,3985,0.012692130979856685
595,1046,3414,0.03200545550983739
596,797,2222,0.014949564740570387
597,1250,2679,0.016600112484617794
598,1723,2738,0.010776011080260281
599,654,495,0.10200383841506934
600,966,3574,0.021400955916095334
601,723,3789,0.027179867750232952
602,1491,820,0.2604123665028775
603,432,1938,0.24670027155194885
604,244,3990,0.017137684584493457
605,536,3632,0.033405134918955456
606,1159,2461,0.011250868282662864
607,235,267,0.09088868926736085
608,1049,3443,0.07617408656168999
609,292,136,0.020976544658074404
610,1109,1607,0.016405381941817523
611,204,3737,0.013433291372445706
612,1462,1719,0.014563883405172905
613,1541,62,0.0112941047748957
614,1778,3491,0.03705931622792169
615,1511,2969,0.012028094277875753
616,215,2991,0.02418659799374548
617,227,372,0.021304836885281876
618,411,2641,0.011693801470509446
619,813,3413,0.07697102572404604
620,1031,7,0.011660988979372186
621,17,2019,0.047773070524634795
622,1976,312,0.10551594820783712
623,1037,3452,0.023625767370693714
624,1098,1850,0.011951893798633473
625,1907,2810,0.013234527641370944
626,462,2408,0.035097881533887654
627,1000,1162,0.09976340438044745
628,38,3532,0.011021799646445634
629,1087,2944,0.035116999922922346
630,103,3082,0.024028696915939497
631,1473,238,0.020581913400201185
632,1407,2763,0.01097001245362894
633,238,202,0.09303779904273483
634,598,1128,0.01833241195409449
635,1892,1805,0.11732230855376709
636,1493,3517,0.10070706914528889
637,1335,3093,0.07549043891705545
638,1638,3506,0.02203562635325761
639,779,1545,0.010354086046732847
640,1022,2853,0.03584668991712597
641,1555,3282,0.017035940297980376
642,363,1829,0.050085151091871595
643,682,3174,0.012759414286652443
644,225,3625,0.026201810360248805
645,1470,705,0.02442988510186097
646,1095,2160,0.04608917647671934
647,790,3714,0.02178881977286037
648,700,846,0.013923988238725968
649,1817,1290,0.02165965633120613
650,1871,3904,0.08882614585238664
651,980,423,0.04521047139599094
652,504,2557,0.13049156593930133
653,1498,2258,0.06080964913937135
654,767,2016,0.03400367902604848
655,255,406,0.014576662037355154
656,1921,3132,0.01557581674845544
657,219,1739,0.03091289884293933
658,923,1245,0.012902290180083128
659,1221,2789,0.019089327183544117
660,1286,1172,0.012317885594473593
661,939,1791,0.041077840777974696
662,621,2592,0.014962328263912394
663,1432,446,0.022244588175573253
664,539,2953,0.026639340794127202
665,393,2245,0.021257731814216307
666,440,635,0.017536065057890078
667,587,3066,0.01083361556152438
668,1553,2849,0.06258986349494494
669,315,1552,0.013013073694570379
670,131,462,0.011350393721147106
671,661,2621,0.011656411427308255
672,622,185,0.01664286577042578
673,835,2279,0.018165295851668227
674,60,364,0.025190190000106142
675,1459,1520,0.02683638408090408
676,218,3731,0.11547104818468233
677,1458,3074,0.016361377478893074
678,677,2270,0.024327808236970467
679,1246,252,0.11895334175934584
680,354,3684,0.03559608423229783
681,1472,2569,0.016193311967053366
682,973,612,0.18759487046359422
683,1951,2325,0.011764839955606378
684,1413,3299,0.049333034839032015
685,1449,640,0.011797614480921063
686,321,1088,0.011142510615423979
687,1227,2992,0.020086085530589246
688,1785,16,0.13581512897416734
689,1551,3248,0.05482181922780465
690,304,789,0.01307459614732842
691,1298,32,0.015876729844988332
692,193,2705,0.016988048554551535
693,56,1692,0.5455670802401412
694,115,1489,0.012802741195883904
695,427,3551,0.08544491547360193
696,508,1861,0.016109449752887042
697,1872,2761,0.011102427568765871
698,263,2529,0.11928157295982655
699,1108,609,0.025870385913602845
700,1681,1962,0.02225731120639337
701,274,3643,0.035955639797477235
702,380,3633,0.0708820984435076
703,1617,2990,0.15195272374178984
704,1076,3435,0.02520484452135858
705,1422,2859,0.011797962773951034
706,485,785,0.02380674397528738
707,1454,3762,0.010241461016889431
708,762,38,0.03654298701726795
709,827,2123,0.02006782237041996
710,165,2727,0.06861553346793907
711,949,733,0.01152430431125645
712,1017,2852,0.03779760758391551
713,169,248,0.011515813832854348
714,456,3836,0.094558698799259
715,280,2357,0.015467233733732868
716,138,658,0.011898391353712935
717,326,2456,0.011176029859382451
718,1212,3271,0.051525122702329874
719,1604,2348,0.01048954232971265
720,1158,3186,0.01776015803743094
721,886,1857,0.01545148643944459
722,1456,2120,0.060425270345561034
723,520,3911,0.06284336998569306
724,1008,2000,0.02579163561838297
725,1439,3276,0.055401777919213774
726,31,2303,0.02278594009856174
727,1937,3233,0.023659668183408956
728,494,2706,0.04672280448045662
729,1110,581,0.017705099092102623
730,1744,1192,0.08137249662299295
731,1047,2129,0.05371245182729722
732,146,522,0.017856543643375883
733,409,976,0.022457866549094124
734,913,2841,0.04140412326716407
735,891,1514,0.012069982963514945
736,395,3387,0.013988374143238877
737,1391,2793,0.01025933112982966
738,1651,649,0.025442154537150784
739,1122,2524,0.011029240962158342
740,637,1308,0.01038973092530868
741,1983,1676,0.012071936456039576
742,627,142,0.018008390616841924
743,24,1171,0.03232432240264109
744,1961,3221,0.012291446736512059
745,1346,11,0.019629020027353453
746,691,2142,0.08275855905091095
747,1751,3265,0.010950808520640348
748,761,3812,0.5421968544732412
749,1480,2,0.012594820698873745
750,574,1029,0.018891249480356725
751,1767,2261,0.014308097310259692
752,1677,3550,0.027831982656852782
753,251,2760,0.022430505265857877
754,35,1156,0.3945771537678677
755,336,3659,0.017632478639608068
756,1739,792,0.016062924918899477
757,433,466,0.014419536359653394
758,809,1084,0.01285016446022868
759,1125,1854,0.01208770206701909
760,906,1941,0.0222199575131394
761,1504,550,0.20007308956054407
762,1941,3882,0.02328096463331917
763,303,972,0.03436312626365314
764,12,1742,0.4331060668393815
765,333,2630,0.01763428562220335
766,1845,410,0.010515972803907436
767,1965,1773,0.02492899307243995
768,916,521,0.018062741637319676
769,1839,2663,0.07901492089788176
770,1495,3005,0.051020776463450455
771,733,3315,0.013099424837477159
772,1794,2743,0.1788476111779004
773,1587,2350,0.03740202343391824
774,752,3038,0.03785942275422578
775,1683,1518,0.010473608647873622
776,1532,1927,0.016954029208238814
777,898,582,0.010932978037217789
778,429,1436,0.04071165548329196
779,1764,1883,0.021818157411135308
780,1783,2061,0.096645078867744
781,1873,1818,0.04730656295757073
782,817,3866,0.11305030504207587
783,996,1539,0.5544360930924946
784,1146,3478,0.06330641122723757
785,1903,1286,0.021899891836052822
786,372,3559,0.0461017183690636
787,125,2187,0.01610339819285533
788,1028,3526,0.05223628006262006
789,46,2255,0.0107796004328483
790,425,1512,0.07113317403625147
791,1384,3602,0.014375825091475065
792,1562,794,0.017484935405905563
793,1197,3341,0.09629481358109125
794,1791,1281,0.016148073061124684
795,1088,1933,0.01035883800788133
796,567,3118,0.01998657966609376
797,570,226,0.019234612153334368
798,1805,460,0.010045835508187917
799,550,1047,0.013954301800477497
800,920,1170,0.011693282563086167
801,549,1789,0.06412386585366639
802,1574,3348,0.14214544643575652
803,132,963,0.3601387441534359
804,738,1014,0.03130126124571213
805,1270,3801,0.010893660996242716
806,724,3615,0.026075415249019667
807,1258,3264,0.013108262812987324
808,879,3077,0.016720349028386414
809,1460,25,0.026372566593097363
810,493,1823,0.010448484638153059
811,442,2290,0.01163354225854477
812,1568,3938,0.045338474245447846
813,1741,977,0.01859258005517324
814,1525,2063,0.02048940003830916
815,416,804,0.01576097559955458
816,116,2051,0.030349269044938877
817,730,2699,0.011107075394252527
818,1275,2233,0.01638543795756289
819,1370,650,0.020289148981024133
820,713,604,0.010221693699961863
821,1393,167,0.013868666274548604
822,1906,217,0.048260319210447385
823,435,354,0.017812815277762566
824,247,2405,0.01241042438107453
825,887,21,0.01384893008918488
826,1075,921,0.012006111440221704
827,908,1044,0.027584923087331265
828,1269,481,0.019401959005115533
829,348,2416,0.1334696377868707
830,257,268,0.10464931407074957
831,751,1028,0.01389799101819404
832,1402,1558,0.027128156073775854
833,1991,2598,0.011681521028871907
834,1620,111,0.026935308667741714
835,1644,905,0.01617093917055111
836,1536,1910,0.011121020786214358
837,369,194,0.01709675023837328
838,458,243,0.02220680344063416
839,175,1008,0.013159058169987903
840,1874,3655,0.03639018780040787
841,1671,2607,0.01220230453998554
842,122,3498,0.014931849718688703
843,203,381,0.8885705712084143
844,546,1946,0.059754524822034395
845,1608,496,0.08350733147105957
846,1942,1360,0.013214516128909368
847,979,46,0.010992382209940468
848,1887,907,0.015391144095843412
849,1721,1834,0.01008166696216683
850,1084,3006,0.010018377512264089
851,628,1599,0.012725164579489493
852,1597,2503,0.019608192646346178
853,1526,3600,0.014268373664576233
854,1827,1163,0.02184483173893304
855,926,2409,0.01048984877111265
856,1915,276,0.02139624112678473
857,662,435,0.12951769241068656
858,7,3906,0.012619018552713584
859,1852,2790,0.013073807951405923
860,224,1948,0.11697091907420688
861,441,2808,0.015225885580105408
862,1518,2546,0.013113318344880083
863,689,3274,0.0655662413874129
864,1015,2995,0.014107531836033834
865,655,1659,0.01496007882860546
866,1631,1412,0.012541335349141475
867,375,1576,0.017936549162337417
868,161,1969,0.020105661518060428
869,1695,3092,0.018723917552496108
870,1510,2718,0.010426964159503647
871,673,3621,0.01093771803087717
872,1066,769,0.016613802028750395
873,1726,355,0.015149591971989054
874,888,3699,0.028393077577709105
875,909,3447,0.017368061245170097
876,524,2309,0.014092369137773174
877,477,871,0.02594205700085128
878,1633,1453,0.022477176538562356
879,1804,490,0.013084897514463272
880,1911,1511,0.016837239906820508
881,525,500,0.011004631715890414
882,1868,886,0.03416835561947065
883,1768,2363,0.010779688198719653
884,89,3050,0.012398728424748727
885,1042,3531,0.02260733093521603
886,1994,2796,0.01069157627518844
887,1228,1217,0.021721827908300986
888,1948,1929,0.16630021479244142
889,806,2612,0.01609771103305563
890,632,2702,0.010803705680694626
891,188,151,0.013836247999417144
892,678,3934,0.011877993311385202
893,1535,1213,0.08998124534004229
894,15,2827,0.015891737777759315
895,1949,1154,0.014255741420589363
896,1554,1680,0.019144758949843906
897,1218,387,0.01670157908078157
898,1396,19,0.020898188179545505
899,1039,724,0.023459146530951047
900,904,787,0.015818856755794797
901,1889,3105,0.019052237799210975
902,1598,3124,0.013153231186640954
903,75,2092,0.07741607574626878
904,540,3256,0.01445935840248364
905,715,3516,0.06282018541190927
906,1328,1825,0.012100381346194273
907,604,242,0.017469207766858983
908,636,1632,0.023665723784215636
909,1291,301,0.013788043968881043
910,355,523,0.013531405896767313
911,1576,738,0.03369413319731273
912,1685,2817,0.017649054929005453
913,436,444,0.057147221658946507
914,970,3262,0.03621681765051439
915,414,2280,0.010921417544492076
916,291,2102,0.03284889712353786
917,833,1602,0.01220397669369631
918,127,713,0.016508783762030924
919,710,3045,0.057551117313935946
920,34,1743,0.7417523390796902
921,608,2578,0.028522256480260834
922,714,3669,0.01271752850066445
923,585,3152,0.03327530765850604
924,1585,1108,0.012335295434551469
925,618,2426,0.01197974405353657
926,1172,2698,0.017515067589887454
927,1323,528,0.045917651123802666
928,1665,911,0.46998141228885204
929,210,3209,0.012802349405520443
930,1077,3345,0.024279714957497908
931,1781,2116,0.0423235322509029
932,603,2745,0.012552173882740532
933,1249,2951,0.012946379956377345
934,68,1678,0.013392520037768484
935,1564,710,0.014717649829589303
936,394,465,0.012298396031389054
937,1538,598,0.04164296978717985
938,329,128,0.0550904414364154
939,1917,1662,0.032807733786286576
940,1343,2285,0.041056923690196576
941,880,1838,0.012390257278774946
942,1734,3909,0.038109506822477775
943,513,61,0.01417540366815173
944,110,472,0.03932920088512809
945,602,299,0.020031133702685236
946,398,3222,0.02631893373038433
947,1418,1597,0.018104057050103862
948,231,2516,0.06942391219139642
949,981,914,0.028882824675741534
950,643,580,0.07730514915360294
951,1675,3017,0.04650295440178955
952,1365,22,0.05647828527103564
953,1288,3582,0.010582823948321935
954,1297,1006,0.014933765229981697
955,307,2188,0.018192780953313777
956,573,1626,0.010736050383568842
957,392,377,0.011200868106430728
958,1727,3461,0.013163961605716161
959,1204,2973,0.03508493694498741
960,917,3689,0.01996211681087548
961,61,3375,0.018631970627811432
962,1728,3760,0.06778614589803235
963,669,1989,0.011995437153316501
964,1626,94,0.0831999008799637
965,1544,3111,0.020437326150326528
966,29,513,0.04823098809127338
967,276,891,0.013847024103964843
968,919,3317,0.013585545977843602
969,195,1705,0.011901045439866862
970,384,2565,0.06481012987796535
971,1546,3327,0.058996156973627985
972,867,106,0.013907356601662209
973,755,3553,0.010695079928441148
974,653,2868,0.01213319295335971
975,1199,3569,0.015494614059694545
976,407,2608,0.03363126352965936
977,1964,1703,0.01139956390339425
978,638,2077,0.01944172807137424
979,59,754,0.02463473047767254
980,1810,1483,0.012183040812347334
981,764,1321,0.026368388540794385
982,503,3340,0.0899807277419454
983,1926,1999,0.021331181788243225
984,1054,3893,0.011449414551435017
985,1560,461,0.40908100080455756
986,1835,3115,0.012443293969453751
987,1104,2514,0.055756683397002085
988,423,2643,0.022695692826731246
989,1059,152,0.012586055557709334
990,1051,3108,0.012845104766554084
991,150,1299,0.016441758069292666
992,1361,2804,0.06960908092646304
993,1321,2447,0.01673006702217981
994,428,1000,0.02318879714685326
995,357,66,0.010514353745949506
996,1729,34,0.025796436465352002
997,10,3854,0.025046399610298083
998,1858,2510,0.02779675805108627
999,947,2854,0.010733778310852196
1000,1898,2009,0.03456283718984457
1001,159,1187,0.01847786067110375
1002,1826,1426,0.22473177856100773
1003,776,250,0.03388822079651718
1004,400,1809,0.025351782508560194
1005,455,1891,0.028179917211360168
1006,956,475,0.028364347036264514
1007,3,760,0.010331663021285672
1008,854,2916,0.015394651929188881
1009,611,3054,0.01260627136399521
1010,617,323,0.39629228422018437
1011,1944,3182,0.03149927047331371
1012,1769,2308,0.013794454678425376
1013,1750,3977,0.01530874406318622
1014,1505,458,0.03332928331631181
1015,1378,385,0.019131900252178643
1016,1883,3608,0.011292486015986562
1017,1678,925,0.5200873473497568
1018,1013,538,0.012856435226499579
1019,1624,3620,0.027604242231916324
1020,186,2533,0.05640043747569031
1021,117,2387,0.011898979709145375
1022,239,3518,0.01740154224611651
1023,1382,1646,0.013471768152709842
1024,478,2931,0.013652119624094943
1025,1079,2847,0.1931006573405475
1026,820,104,0.014380165965031793
1027,873,1370,0.5555181544713552
1028,287,3690,0.01974899921733525
1029,938,2645,0.027151545730588693
1030,950,2448,0.023143872302769552
1031,190,786,0.016215833610388242
1032,20,2151,0.013664471064302101
1033,1184,2171,0.012242823730890947
1034,846,2686,0.02350803844430022
1035,747,2835,0.015630024907246496
1036,1161,2640,0.01214082200446114
1037,123,1783,0.04416541290456832
1038,1820,1926,0.0120333492206743
1039,373,919,0.8460839312445835
1040,1322,3263,0.026545240353424867
1041,1029,326,0.03679423296241405
1042,1910,596,0.012418054261285207
1043,1090,2463,0.02842124273624218
1044,578,2794,0.03515837700996698
1045,179,1012,0.03901727032933281
1046,1607,3824,0.0376851158046445
1047,1822,2948,0.14068506843586623
1048,1268,1831,0.011699655833272517
1049,1548,3106,0.015766485706407103
1050,67,3905,0.016950190191374635
1051,1905,347,0.04077814782795648
1052,1209,2559,0.0837722447430035
1053,164,3605,0.033248646098045155
1054,1434,3455,0.016546518615869043
1055,1136,3052,0.01737395952320408
1056,1843,1199,0.031132263276524862
1057,988,1442,0.010781098411272687
1058,1485,3721,0.011883304518956122
1059,1281,431,0.04242547773420562
1060,162,1497,0.01218788519487933
1061,1106,191,0.11051236104628538
1062,709,742,0.014548925667212506
1063,1914,3251,0.016577259662636408
1064,1247,2583,0.025841307357804332
1065,1001,1690,0.01609890570827232
1066,1107,2999,0.016593315221945668
1067,1952,2376,0.012553935258008003
1068,497,2771,0.25607307145856384
1069,213,592,0.019228010972408924
1070,851,3453,0.0592815247957839
1071,1542,3049,0.017344901094063357
1072,1457,64,0.03939322784931956
1073,748,3304,0.011195896905944046
1074,1878,2428,0.04446555375983302
1075,258,31,0.018826765573027548
1076,1913,2710,0.019817413564914538
1077,1647,809,0.013964115309673066
1078,937,1577,0.01163537601611405
1079,610,2750,0.018565019647124505
1080,1648,1476,0.014669040281483102
1081,191,3012,0.012625061533458399
1082,1024,3832,0.021161425217331956
1083,569,663,0.033317291907182044
1084,1389,2839,0.42619240267221264
1085,163,204,0.2018846231341589
1086,1007,1009,0.017809817534786318
1087,588,3505,0.04034157203442039
1088,890,2512,0.013877402394559401
1089,1300,2366,0.030759040297399128
1090,1736,3770,0.03654164030267985
1091,679,2365,0.02716420115113302
1092,1715,3129,0.0273727184881915
1093,1775,3412,0.010055660650415249
1094,1367,2564,0.07122798689503482
1095,77,3935,0.02323852697598551
1096,1762,1248,0.011216832508449992
1097,1963,2134,0.039859843551713785
1098,561,3900,0.01353520336337049
1099,1395,836,0.012744033422334962
1100,301,3658,0.016760516318862134
1101,1101,3384,0.02056681626374203
1102,810,1359,0.030015120241786583
1103,1241,309,0.03566691197571272
1104,1131,2181,0.04008378661803597
1105,156,1099,0.09690198859543088
1106,1120,1310,0.012206485548083235
1107,1390,3080,0.010368618219892543
1108,1474,1724,0.05908929608658649
1109,1436,2443,0.05541344121812168
1110,236,3000,0.018628888603622464
1111,1528,2489,0.20320765859697887
1112,791,1961,0.019516358124169523
1113,1475,714,0.013817997330020752
1114,1235,2394,0.01379414083134402
1115,629,667,0.055146950468498775
1116,351,183,0.012152274118381106
1117,476,3783,0.013053688480323632
1118,946,3980,0.01742531867662467
1119,342,527,0.03216944912208285
1120,1315,770,0.052788291365987644
1121,801,1003,0.030256018182270923
1122,1663,1572,0.010264388729840616
1123,1966,3838,0.02265159628649778
1124,1930,2482,0.09059030743607172
1125,160,3065,0.042738552785699345
1126,1701,1904,0.055183379211323616
1127,1198,912,0.040688168783942456
1128,1939,303,0.025480485826353493
1129,1696,2886,0.011106050850075431
1130,149,2269,0.014376587677997887
1131,951,1450,0.01052733190758172
1132,1,2038,0.09648072730575372
1133,871,2620,0.013255514986169463
1134,1419,327,0.013933265154211862
1135,365,1655,0.3139293194328194
1136,1355,657,0.013088970387608513
1137,579,2731,0.025535182286346183
1138,278,653,0.01808714124573851
1139,1481,2209,0.07362134555191509
1140,399,1993,0.016961409683576328
1141,1240,1184,0.01770980768415205
1142,1424,3109,0.02963467457737507
1143,1375,212,0.054769290927613096
1144,154,828,0.014172491525762443
1145,1283,1391,0.1179222347105583
1146,151,1928,0.02406868111775001
1147,522,3514,0.010513714206083848
1148,863,471,0.012282735834911105
1149,575,851,0.49766444088874195
1150,823,1569,0.016021243269634652
1151,1925,1337,0.02368233747965224
1152,1841,1855,0.011907313128212204
1153,1758,1902,0.14391674180919312
1154,1680,1112,0.015536292102958767
1155,1643,693,0.01102208696354683
1156,1710,613,0.017139961388072153
1157,1799,3102,0.01407783055305984
1158,1035,395,0.023081860615670715
1159,340,2544,0.022826451426387534
1160,1661,3010,0.025649997590637373
1161,1332,652,0.015308400489274432
1162,991,2467,0.016367360053167693
1163,857,1702,0.1536936083727163
1164,1788,310,0.035716308308436535
1165,688,3937,0.03409763780934983
1166,167,2918,0.022879060715599326
1167,1880,1794,0.016692422383084535
1168,1766,3126,0.010988817218140691
1169,6,440,0.04524598290744888
1170,1314,55,0.011983980907742038
1171,118,2872,0.010609437489074874
1172,1208,1524,0.09671372084087368
1173,1801,2320,0.02226728900636918
1174,892,3857,0.016120282202451597
1175,148,3475,0.020772464097038243
1176,1034,1715,0.0181547138288793
1177,1296,3121,0.012165778626391758
1178,1334,743,0.01199525621879717
1179,465,647,0.18017018121216613
1180,289,224,0.016850664792269446
1181,37,955,0.0937380184368598
1182,223,2613,0.013874674550663626
1183,1516,139,0.012652940727062833
1184,1502,3742,0.012619734898784792
1185,1160,1786,0.019564747013626423
1186,1336,3278,0.016951434466400062
1187,310,498,0.01800141487852061
1188,1600,1117,0.040898980178332926
1189,1808,1017,0.011836430381987112
1190,1082,1700,0.02763924848511677
1191,479,222,0.5476449500568087
1192,1779,3805,0.030337003284413227
1193,1266,2175,0.044825912350164504
1194,1263,469,0.044145839868272245
1195,1149,2654,0.055366679474325435
1196,1623,2220,0.012990695807263124
1197,736,1500,0.0829473392230305
1198,1672,2173,0.026775259238919706
1199,33,1966,0.010764140366606962
1200,1749,1334,0.018430825434126198
1201,1974,292,0.014175422034821203
1202,1593,2163,0.03555246909830702
1203,1735,2445,0.020699123065753545
1204,1899,2458,0.030861906099194328
1205,986,3715,0.013762253330066913
1206,599,2888,0.018288907357602184
1207,793,3101,0.014124713523838763
1208,1853,2784,0.013586031599328221
1209,1210,3087,0.012675844853223827
1210,1366,3565,0.014444292823698482
1211,1618,1439,0.2017809017912765
1212,211,417,0.013454920427583362
1213,1704,2287,0.01584304781025708
1214,439,3628,0.012216485467790831
1215,1895,2863,0.027164507635208633
1216,337,1050,0.12238192542693213
1217,370,1040,0.4625327290705591
1218,930,1397,0.027148446086558423
1219,467,1614,0.05627374423468898
1220,323,1480,0.01639477839241793
1221,1831,3037,0.0987050590704282
1222,208,2193,0.01580982037480752
1223,1712,1043,0.013304822882851999
1224,1406,218,0.010568001712194013
1225,1919,2238,0.0224647582176767
1226,1543,2919,0.01036944146950915
1227,977,2627,0.04439463121387128
1228,1397,3217,0.014226436900640533
1229,1248,122,0.013106125229793274
1230,1902,3293,0.010283692536019655
1231,389,3071,0.04611092023040928
1232,1499,3122,0.25352771258034723
1233,592,1083,0.2553205533452744
1234,1953,2697,0.04272633892821911
1235,563,1414,0.016798429058190123
1236,1628,1874,0.07177172095715094
1237,1142,1488,0.03186737519805687
1238,1877,3257,0.011749503156410853
1239,1217,3677,0.017683792201153903
1240,811,2672,0.08883693019698358
1241,1784,13,0.12546788152371766
1242,26,3433,0.13659084156909448
1243,1639,396,0.0372206406097606
1244,1589,918,0.011844787007770443
1245,437,908,0.02040128117790793
1246,1837,350,0.012533815237801593
1247,1078,1330,0.03211816050291967
1248,995,675,0.014970786829295335
1249,78,1641,0.05842461556088254
1250,1890,1788,0.010204554925159792
1251,1894,2587,0.0790907553921238
1252,388,437,0.03869137373809053
1253,1668,1408,0.045521373245265576
1254,1276,1515,0.252426798415318
1255,1761,2159,0.02812152037060909
1256,1165,3594,0.019332761694135902
1257,47,2367,0.01325472324761125
1258,21,1776,0.02805109964602445
1259,685,359,0.02144326929738297
1260,1230,958,0.012680474434044733
1261,1435,3646,0.013785215370818966
1262,1797,2122,0.012027539700031042
1263,680,2452,0.014807471330111706
1264,769,665,0.46604608301001366
1265,976,542,0.0692998160122454
1266,1026,3976,0.021702207244839435
1267,1401,3440,0.013703321473321603
1268,70,3988,0.07269583609906022
1269,249,1647,0.011326295600635273
1270,772,3027,0.010783286852291001
1271,1833,1712,0.032311955346035676
1272,40,1610,0.06184552053623113
1273,812,3999,0.13033262869115497
1274,1388,3096,0.012750877571604216
1275,1842,3809,0.013760627645865851
1276,79,1784,0.028863189422728305
1277,302,2096,0.09510486730819738
1278,1465,1176,0.16851074805552999
1279,1884,3966,0.03680916342670382
1280,1629,1268,0.01033937198216868
1281,922,3156,0.01340349765531685
1282,571,3961,0.012578902696292386
1283,1206,53,0.023126218984029293
1284,734,1628,0.03778500949827473
1285,1980,453,0.01812341996251172
1286,528,622,0.011139726235144264
1287,1506,3924,0.010089193038002528
1288,940,362,0.016350507288720888
1289,869,3232,0.16326822737962968
1290,113,815,0.021433130989342995
1291,900,44,0.06439792311532998
1292,1295,2435,0.012788892441622055
1293,1531,3728,0.028223454252415268
1294,1351,3666,0.014650292927750856
1295,1195,2378,0.039257270061330174
1296,1737,1556,0.010258052360559251
1297,1557,2370,0.16442383807508093
1298,1920,2902,0.013841700134868597
1299,1517,1504,0.0765033245919124
1300,1002,2417,0.010134328410639633
1301,66,1319,0.03763860023428043
1302,259,1498,0.8568639385650825
1303,668,618,0.06583236626572703
1304,275,138,0.015775097136520665
1305,743,3332,0.012557819781625965
1306,1256,163,0.022208652397537984
1307,1682,2814,0.012127197623056885
1308,450,2823,0.04814656132043313
1309,362,1226,0.06966996035057903
1310,626,1591,0.29964406492024304
1311,1044,857,0.047067417936001076
1312,731,3179,0.025547466527145565
1313,296,1729,0.013321833375070837
1314,32,799,0.018349526237120755
1315,1855,3692,0.011776298890341132
1316,144,332,0.014613350160915178
1317,1908,195,0.016463550717418757
1318,1641,2020,0.013708832585362384
1319,266,3210,0.01946780537420447
1320,616,3446,0.010386799447488255
1321,23,3757,0.01854361642502312
1322,216,130,0.06972567763279013
1323,651,2880,0.027531537640636667
1324,640,1111,0.010422434579121433
1325,201,1317,0.01387875039679234
1326,324,3930,0.0351543623538601
1327,1946,3242,0.051854021598608545
1328,1634,2466,0.07745563989488546
1329,1181,3502,0.07689092157531284
1330,452,2709,0.012188397709518427
1331,1447,1291,0.15157419480489456
1332,1595,701,0.047902503461704944
1333,815,2531,0.012853770126278896
1334,509,2400,0.03520982227985486
1335,1487,3056,0.010823987743867843
1336,1515,2090,0.020845307771231864
1337,309,3678,0.015167191201892295
1338,1319,101,0.011989415926032209
1339,130,2438,0.4109450457336568
1340,1985,1423,0.012679989129339684
1341,1325,1460,0.010245270224857802
1342,386,818,0.010183291470724781
1343,1924,2154,0.025985896469919646
1344,855,3642,0.023689529643417227
1345,771,2650,0.027917829615561933
1346,889,1957,0.027246052829325903
1347,1625,78,0.01889079224786207
1348,1445,1001,0.03251988771925611
1349,1041,3570,0.05968785601371177
1350,1348,883,0.0314562420134892
1351,1864,2380,0.01381073267353996
1352,1381,210,0.0156370989128336
1353,1202,2528,0.010956175454240517
1354,750,1457,0.01685692850344122
1355,252,561,0.05255836755443453
1356,1043,1878,0.023677358092237664
1357,371,3098,0.0461455564435809
1358,896,700,0.017646886661397312
1359,1364,2964,0.17837550472451594
1360,364,3607,0.019044673224049548
1361,253,3172,0.015152748598942873
1362,1062,3407,0.046246014928952216
1363,180,2777,0.20329632632425934
1364,30,9,0.014808942345781667
1365,914,367,0.057739880822126624
1366,1790,17,0.01700211182178656
1367,105,1725,0.0698561255265175
1368,941,425,0.027638732992370265
1369,861,690,0.021148692114103983
1370,13,3815,0.010679041466548295
1371,1512,3294,0.018250248435712605
1372,1667,1425,0.011330056331835427
1373,1414,2547,0.03122673226918153
1374,1112,585,0.020508622207703935
1375,475,3247,0.01712928216702944
1376,431,257,0.01322894801553413
1377,1211,171,0.07000553136436417
1378,1338,424,0.013349572983143614
1379,1093,3705,0.10773753411041863
1380,405,43,0.02400469657796334
1381,1203,388,0.012803541962962876
1382,483,3481,0.021529053923687792
1383,173,1685,0.07808440057017957
1384,1984,1353,0.018548641623475363
1385,1879,3995,0.012219082102774018
1386,1938,2855,0.013773690032130009
1387,505,2364,0.014012426773425488
1388,27,1806,0.021307545696084555
1389,1955,2088,0.08571832651644483
1390,1606,2418,0.026506470759667975
1391,1128,3306,0.020338978071204074
1392,944,1660,0.09578012104537159
1393,1006,998,0.0123735622314805
1394,527,3023,0.014650085189176387
1395,642,1799,0.15858620125514036
1396,1426,3773,0.07192101692489689
1397,905,890,0.10070832526723704
1398,1809,1182,0.03321528248206989
1399,1133,3338,0.012666133202106387
1400,1392,154,0.011234163301592331
1401,702,3656,0.012381198130300829
1402,1497,1704,0.01132547289023461
1403,260,2717,0.013296242915649934
1404,1081,660,0.010771456885223907
1405,205,1977,0.016828588626455258
1406,1740,2539,0.09440686037061599
1407,1238,49,0.02174174615365725
1408,516,165,0.020944119911472492
1409,277,1122,0.027966406019110934
1410,1995,2170,0.014584016811217316
1411,818,1688,0.01301467148014448
1412,352,2415,0.010055321199662908
1413,1753,2390,0.042682841745052186
1414,410,1706,0.01200798320730637
1415,635,3187,0.0332469702106296
1416,1989,3776,0.019392325030955917
1417,1968,3342,0.10799254196393186
1418,1947,2342,0.01278924008161989
1419,1856,3876,0.021155846944541767
1420,1674,2182,0.04149306546961081
1421,1317,2877,0.03122002825048815
1422,48,3349,0.0253419078780483
1423,745,3964,0.010120480557264564
1424,233,3593,0.022697724782993634
1425,91,1307,0.11174744837443672
1426,1615,1603,0.023322554048534914
1427,1719,3161,0.023788685545925475
1428,1605,2146,0.10938806906618805
1429,784,1650,0.07623189943662612
1430,1931,1953,0.01136345064358949
1431,74,3287,0.050238810848049036
1432,1522,2204,0.014274061369210807
1433,480,2404,0.026842505324942433
1434,601,3285,0.01204691328151553
1435,932,2475,0.018724066742041356
1436,773,594,0.017327905383779832
1437,412,720,0.020546178313311115
1438,541,1481,0.047688903722012135
1439,1486,671,0.010467677273631569
1440,1162,3563,0.025941656530713734
1441,1702,1718,0.017641493392990412
1442,1748,2253,0.015180367846187322
1443,1225,1827,0.012848881215415825
1444,659,1730,0.011368121981354805
1445,984,763,0.011600153205816003
1446,1732,2513,0.01698010874254386
1447,495,775,0.02165164857374825
1448,1857,281,0.010120515991246783
1449,819,3834,0.013703392066765203
1450,1900,294,0.07078909286271999
1451,856,1923,0.016350572705177598
1452,1135,2042,0.014040920833643184
1453,158,3925,0.026439854952101466
1454,1545,1708,0.02780317536374989
1455,124,3400,0.016313435382614726
1456,1359,211,0.03492114978264526
1457,141,3145,0.06401665296178527
1458,346,3238,0.09668124902829073
1459,1010,102,0.033547512918418676
1460,1052,3095,0.010158815151530989
1461,341,3318,0.016152854336873298
1462,1777,684,0.01336219314824589
1463,648,3239,0.02916899274999815
1464,1119,336,0.02820169790011622
1465,184,1175,0.010820958559046518
1466,530,1101,0.010185052030264066
1467,1003,1361,0.01646646369428451
1468,1190,3685,0.049024440652492646
1469,1690,2774,0.0939285801920784
1470,142,659,0.025385380355995486
1471,308,1819,0.011570386476862893
1472,1760,2500,0.015193678457816688
1473,694,2905,0.010704514361941293
1474,52,593,0.03184965132577508
1475,1255,627,0.09972108125074167
1476,778,3025,0.23391533881219786
1477,214,2260,0.01569783088838714
1478,686,3195,0.010489517141804157
1479,1601,788,0.013595327886493026
1480,1305,2965,0.013752925316296669
1481,794,3564,0.030881777735019947
1482,245,3778,0.038727987182657075
1483,1056,2008,0.010617613973147793
1484,964,2981,0.016735697680026262
1485,670,3254,0.03827606667296887
1486,894,1218,0.013421478577895343
1487,57,3346,0.02232065708960453
1488,1152,2424,0.02193031765035153
1489,1693,189,0.01002523853137378
1490,739,277,0.012408242015255377
1491,1718,2414,0.013645987244382936
1492,1185,1801,0.6511259841400729
1493,1934,3320,0.012395527394261746
1494,1489,3246,0.013225612862068643
1495,1156,3763,0.011683611022140739
1496,1508,673,0.01571347638867731
1497,1756,1200,0.02835080216749204
1498,1349,3321,0.033390179775067266
1499,1089,503,0.04519324653522138
