0,7.928023077457774E-5
1,1.8872017412983868E-5
2,0.01431615339149477
3,2.0816433048539374E-4
4,1.578791690470849E-6
5,2.3598277215026936E-6
6,1.5580436412213619E-6
7,1.3043339597448302E-6
8,9.854314463964997E-6
9,0.02979950044033635
10,7.08111929514719E-4
11,1.0399818921411665E-6
12,1.294584736906275E-6
13,1.374921744223993E-4
14,1.1355357174876542E-5
15,1.5386305624884997E-6
16,1.1048319594614186E-6
17,1.6460712113022096E-6
18,2.1297128921573395E-5
19,1.5249531673358978E-6
20,1.6427849128817932E-4
21,1.932681086337922E-5
22,4.618853662218421E-6
23,2.4773533833418754E-6
24,1.401968671024971E-6
25,2.7983570132290218E-5
26,3.603347685135034E-5
27,2.9727021050644054E-4
28,1.051543113556592E-6
29,2.579193312607168E-4
30,4.3741402962437725E-6
31,9.911008563405809E-4
32,3.163675330143334E-5
33,5.675480650484206E-6
34,3.072838578765511E-6
35,3.760841554483722E-6
36,1.1551748282251874E-6
37,9.589601434342438E-5
38,8.996020059365518E-5
39,1.4312430064849797E-5
40,1.300350990689168E-6
41,8.761139641384965E-5
42,3.912573774037513E-6
43,0.001558925112548234
44,1.3380229762902667E-5
45,1.0887740501052984E-6
46,1.1697981985488418E-5
47,1.0441478681271455E-6
48,1.1767970255705155E-6
49,4.535139804861754E-6
50,9.939653839399832E-5
51,5.805317106643072E-5
52,0.02446107540104189
53,3.867050277182117E-5
54,0.031180315852424374
55,2.9253140492942986E-5
56,8.363606355954875E-5
57,1.2577302859155176E-6
58,2.535205877523552E-5
59,2.0745985445996653E-6
60,2.4332540291730948E-5
61,5.495129834670105E-5
62,1.0088723606641641E-5
63,2.5270390114607223E-6
64,4.776162145445687E-6
65,1.5891637655417008E-5
66,3.822323379766359E-4
67,1.7964255047017245E-6
68,8.398692570381503E-6
69,1.0225661658190158E-6
70,6.916432781175825E-6
71,2.567741623565023E-6
72,8.383283632650797E-5
73,3.7943043566748455E-6
74,5.1508816122826006E-6
75,2.640831603955318E-5
76,2.546749071597198E-5
77,1.3776548957264967E-5
78,0.001137853345800752
79,1.6857086112736484E-6
80,6.442152262366806E-4
81,3.607646225345851E-5
82,0.0018297427139865004
83,5.2523217860179256E-5
84,6.1645404795580854E-6
85,0.0787047116804057
86,6.999725575963053E-6
87,1.1846821213908366E-6
88,5.98710027307336E-6
89,0.012474609116931238
90,1.6234463802757557E-6
91,0.0212003125115428
92,1.5951354324514857E-6
93,1.1944424460509632E-6
94,3.211462415705842E-6
95,4.661510694726183E-6
96,2.9325121487153794E-5
97,8.459092073058996E-5
98,2.131687522902892E-6
99,9.747631020380873E-5
100,3.86756073936351E-5
101,2.542129562362843E-5
102,3.0604196908401123E-6
103,4.695452400851027E-4
104,5.25296705732325E-6
105,3.7461641796231554E-6
106,4.250943227109551E-6
107,6.271493766627188E-6
108,2.913486355707284E-6
109,1.9392097674406097E-4
110,3.147585390747936E-5
111,2.8920621121448494E-4
112,2.2768923258280435E-6
113,9.76953753773939E-5
114,2.198952326195671E-6
115,1.620056498186346E-5
116,6.85450486268072E-6
117,1.995700385029202E-6
118,1.003695775722544E-4
119,1.3347878732333786E-5
120,5.035954613687473E-4
121,1.2112891360299989E-6
122,3.5043095875239816E-6
123,0.08905372642996569
124,3.796496494576773E-6
125,0.001615461357983837
126,2.1608506744321515E-6
127,3.7726901000038747E-6
128,1.6434825047926697E-4
129,1.0231394982117906E-6
130,9.480370971980262E-6
131,2.455109886919109E-5
132,0.0025867366892761276
133,1.1326380976947375E-4
134,2.498111591083868E-4
135,0.003278510966571626
136,7.384536207473836E-6
137,1.7621616091366152E-5
138,2.4949602609935126E-6
139,4.0043444494445395E-6
140,3.6957548427621396E-6
141,5.787936751020747E-5
142,1.4059927269307438E-6
143,4.159925149553152E-6
144,1.631236254748725E-5
145,3.1281232911924817E-4
146,2.7136935920000346E-5
147,9.461136782360425E-6
148,4.502957455930266E-6
149,1.0297839217139005E-5
150,8.090878879002268E-5
151,2.475227997781738E-6
152,4.425214706571252E-6
153,7.80525373457971E-4
154,4.527808056746835E-6
155,1.2338203662878376E-6
156,7.18703910241955E-6
157,1.1770306865981385E-6
158,2.387713305275535E-5
159,1.7685019180494924E-6
160,0.0035848206590958884
161,7.63488091825782E-6
162,0.0013734871183651142
163,1.2859466508796232E-6
164,1.3990258717253782E-5
165,3.8062693252436975E-4
166,3.3830574643961045E-6
167,2.7332629637004867E-6
168,8.206475405033212E-6
169,1.1304582141074151E-5
170,0.006033246033705112
171,2.5705397571455913E-6
172,6.498471601446626E-5
173,1.8430544955357877E-6
174,2.3856762619197038E-6
175,1.4953516437161909E-6
176,0.015885684601326423
177,2.445678314176569E-6
178,6.13745223473915E-5
179,3.296113330122338E-4
180,3.253374090202518E-6
181,2.116715626937242E-6
182,0.0010297692800518056
183,1.0621029068374544E-5
184,8.731496317415823E-5
185,6.196557691501407E-4
186,5.1592946083357255E-5
187,1.1763829253535944E-6
188,1.3600894653810222E-6
189,1.6941446660087122E-6
190,1.690421925058397E-4
191,2.3854735919837702E-5
192,1.1188734002541285E-4
193,1.1170074137286486E-6
194,1.852730984642275E-4
195,1.8859166154267496E-5
196,3.7111735127967164E-6
197,3.3905746527948707E-6
198,2.3413990088588625E-6
199,5.291067297513847E-6
200,0.002351845176325114
201,0.0014438984900341362
202,3.949426618554853E-5
203,1.0643111613817032E-6
204,3.7945797871530437E-6
205,0.0015350589359145142
206,3.704106097903695E-5
207,1.5731035029695923E-5
208,0.007019234669348773
209,2.440749361291902E-6
210,1.3448330434468765E-6
211,5.795368298764735E-4
212,1.640030439979685E-5
213,1.3747105282094412E-6
214,7.056550051619206E-6
215,2.628087964028288E-6
216,1.9700453073314507E-5
217,6.370488936390003E-5
218,0.0035140442635626322
219,0.01006442220572238
220,3.632086449009111E-6
221,2.5736715887809708E-5
222,2.9029779076820297E-6
223,2.389758016869181E-5
224,1.0111881746864496E-5
225,1.7243686227555069E-6
226,1.5900331217409216E-5
227,8.44723076838885E-6
228,1.106895374017948E-6
229,1.304898358479002E-6
230,9.770332101619035E-4
231,0.03276964697329772
232,0.006587770766296475
233,1.1286918100496088E-6
234,2.0316874971350342E-6
235,2.6251984111315313E-5
236,5.593350842240111E-6
237,6.22279234209716E-5
238,1.244054747329547E-5
239,1.5836786605745338E-6
240,1.483961495984166E-6
241,1.1044576019633376E-6
242,3.882823433122811E-5
243,9.32236673541835E-6
244,1.2296954255640433E-6
245,2.572453424716279E-6
246,0.012663914404449264
247,2.2759262854480614E-6
248,7.27716152208991E-6
249,0.05322982877583165
250,1.233990254154189E-6
251,1.878409188791409E-5
252,7.949396677868338E-4
253,1.8281458896247813E-6
254,4.719724480154007E-5
255,5.965231382646612E-6
256,3.108230130163726E-6
257,2.5080690220497486E-6
258,2.0988443347704063E-6
259,1.1433511855460944E-6
260,4.404600193755182E-6
261,1.542012981826364E-5
262,2.468129166764017E-6
263,3.4544257495081592E-6
264,5.553241926419896E-5
265,1.7760076225019677E-6
266,6.719651093652181E-6
267,1.1253031811846943E-5
268,1.2455263752634195E-5
269,3.522594770811626E-6
270,1.065097088100427E-6
271,6.034043385199196E-6
272,7.050254326386335E-5
273,3.1147161319100885E-5
274,2.848359605776298E-5
275,1.0100362350829072E-5
276,1.2634735409787874E-6
277,1.1356320992999658E-6
278,1.722729994723245E-6
279,2.0783181232847557E-4
280,0.002210082568069003
281,2.5897387672183923E-6
282,4.400181410194274E-5
283,6.738120273186677E-4
284,0.027221876612816977
285,1.8595010021387547E-4
286,1.534906454630554E-6
287,2.4807610388271276E-6
288,4.081776740883417E-5
289,7.877905148425361E-4
290,1.8918444317968125E-6
291,2.4895517967493687E-6
292,1.2229527042000696E-4
293,0.0782078670731956
294,1.0243120543574365E-4
295,1.622017586370705E-5
296,0.004545736188488544
297,3.101971964708445E-6
298,2.4068142376254087E-6
299,4.237541993815426E-5
300,3.1331420515945624E-6
301,1.5614692918906178E-6
302,4.007190699262217E-6
303,1.2666239088838249E-6
304,3.468130813398697E-6
305,1.7173742380415036E-5
306,1.908136215812582E-6
307,4.044261267765324E-6
308,2.2106981063278523E-5
309,3.1661672866525364E-6
310,7.929252446333136E-6
311,3.689226316164657E-6
312,3.596479704070154E-6
313,1.1897057233542424E-5
314,5.68072666821414E-6
315,1.7324456421583304E-4
316,9.732350104621391E-5
317,1.1940156951531217E-6
318,3.645067177809755E-6
319,3.5494476516695074E-4
320,4.0815709037667014E-5
321,2.9882391546093004E-6
322,4.016190809016054E-6
323,1.812590560428286E-4
324,1.0084389023962778E-4
325,7.796875444505365E-5
326,2.2291124079710004E-4
327,2.017580601692086E-6
328,3.154056174919939E-6
329,4.372689211864758E-6
330,3.220981536210021E-5
331,1.1456162641334653E-6
332,5.7383078334509285E-5
333,5.211575513211315E-5
334,2.043231939384872E-6
335,1.7780344555777036E-5
336,9.304801246689878E-4
337,4.087461161566751E-5
338,1.1176945880757832E-6
339,3.936355051176903E-4
340,1.0534432924178881E-5
341,1.1092367102842635E-6
342,1.5771131051879787E-4
343,1.651228598083553E-5
344,7.062652713334275E-6
345,3.961823375919841E-6
346,2.599803724500449E-6
347,1.768175989002694E-6
348,0.0075350760640096395
349,9.500730076292667E-6
350,0.002703639780820169
351,9.209027012085724E-6
352,0.022236925100101924
353,8.657759887831323E-5
354,1.0837112418732051E-6
355,3.49385942954223E-5
356,6.1638904027712575E-6
357,0.03005390121255971
358,3.869180606981706E-6
359,6.5266279109475945E-6
360,0.057788655938508675
361,2.834375564606236E-5
362,3.035460563798688E-6
363,3.7137137417153035E-6
364,1.909794846142899E-5
365,5.715509390887283E-6
366,1.0873395815515432E-5
367,5.42222985347005E-5
368,1.2865465416409528E-4
369,4.073723349466576E-6
370,2.165533395774198E-4
371,5.4732904401854475E-6
372,1.8446014531443275E-4
373,2.342449376278759E-4
374,4.828119734958063E-5
375,4.793520550796778E-5
376,7.72703787378156E-6
377,7.510799803410727E-5
378,1.043136958743563E-5
379,4.923189138259613E-6
380,1.801810053979655E-5
381,9.747897109485585E-6
382,3.509787410997421E-5
383,3.304231920350993E-5
384,4.829868520333633E-5
385,3.079473136760076E-5
386,1.3141318761379987E-6
387,1.8187892040897513E-5
388,1.5118376152442024E-5
389,4.1639593578847955E-6
390,1.2544489326299903E-5
391,8.408909143751003E-5
392,6.999498144037938E-4
393,1.0069301440895122E-6
394,1.5210359369989252E-5
395,0.006083050514738402
396,2.0167253739723597E-6
397,2.8617618905186776E-6
398,3.1854891643273515E-5
399,5.096699624815382E-4
400,1.28016384804555E-6
401,2.8938593625761956E-5
402,1.5972006134961634E-5
403,9.647784619528933E-6
404,1.545842425999212E-4
405,3.7055516159259443E-6
406,1.6347965868183023E-4
407,8.814862629704303E-4
408,0.01841702091627708
409,9.215435250491725E-5
410,9.584856664090598E-5
411,1.9676235581346665E-6
412,2.746261637925374E-5
413,1.4075781336772253E-5
414,0.004209892315512081
415,1.080792118349081E-5
416,1.0140664062334279E-5
417,1.5005175300041752E-5
418,2.5387431412890718E-5
419,4.205515075571084E-6
420,2.194430896909911E-5
421,1.471693637177201E-4
422,4.893332676802831E-4
423,6.397405426085515E-5
424,5.098799216467351E-5
425,3.9236691985649644E-5
426,1.8856540411750131E-6
427,1.1415465522220131E-6
428,1.6454908655708536E-6
429,7.0137546121371835E-6
430,1.4565810758755814E-6
431,6.101316699828525E-6
432,1.2903950091102699E-6
433,2.1190265006473514E-5
434,5.310228826491741E-6
435,1.8103227277444805E-5
436,3.4503378808960406E-6
437,9.031290068394275E-5
438,1.0295453624321988E-5
439,1.1816726624470828E-6
440,3.717497494107516E-6
441,8.77017784080387E-5
442,7.149561841581605E-4
443,3.5510031876180746E-6
444,0.0012711692647795674
445,4.1862844651754535E-6
446,1.7470744833831267E-5
447,1.6102548136008692E-5
448,1.6890682917694656E-5
449,3.3673739949240317E-6
450,7.654251699674937E-6
451,2.3266254997720182E-4
452,5.721900034648149E-6
453,9.292498457762409E-4
454,2.581776036643357E-5
455,0.0015974515079012128
456,6.366725781877558E-5
457,4.100349133305244E-5
458,6.026129090080255E-6
459,3.9207412337099936E-6
460,6.06784228309087E-6
461,2.345702525416354E-6
462,7.756955262572974E-5
463,2.315234973284806E-6
464,7.713023174797672E-4
465,0.001465392485734693
466,6.179406800213463E-5
467,6.717598835384712E-6
468,4.919717485852807E-5
469,1.938210653253213E-6
470,4.340409869126876E-6
471,4.396147020290711E-6
472,1.0959399467975847E-4
473,2.0016178754508208E-6
474,2.6101659370022493E-6
475,1.0324952288523263E-5
476,8.265166454959026E-4
477,1.020662782744404E-6
478,7.95026209256725E-6
479,2.3756959883564514E-5
480,1.5383222543217709E-6
481,0.0019551486385366397
482,4.901601493897344E-4
483,2.0752084340674907E-6
484,1.127896028390026E-5
485,2.5994324291503118E-6
486,5.0741901418176834E-6
487,1.4342205085146237E-5
488,1.0462370686723557E-6
489,3.650344466886507E-5
490,2.419383409827631E-6
491,9.258254065367433E-6
492,1.2670308779930413E-6
493,4.674869049034193E-6
494,4.321742028195482E-4
495,8.002901992799282E-5
496,1.3541741401872856E-6
497,1.7277928710518089E-6
498,1.1717061825809072E-6
499,1.5733231330475883E-5
500,4.161884807732459E-6
501,8.525105689319811E-6
502,1.15504313403356E-5
503,1.212815122325558E-5
504,4.955807995315036E-6
505,2.8267106368923485E-5
506,1.108179707978721E-6
507,2.158915205939125E-6
508,4.234847487928582E-6
509,3.0027052020987025E-5
510,6.531977378640407E-6
511,2.2619396464480682E-5
512,5.314145412336135E-5
513,1.0405120365382503E-5
514,1.9880363532713646E-5
515,2.8230203374688725E-5
516,5.624754301406697E-4
517,0.03018429213380588
518,4.619308883569772E-4
519,2.1287504500974662E-4
520,2.6875681089701544E-5
521,4.438488859615865E-6
522,9.097963413579417E-6
523,4.059764206460349E-5
524,1.2993194582052684E-4
525,0.06916525128765576
526,2.690042323405276E-5
527,3.762822037188065E-5
528,2.0338461058221194E-5
529,4.906214011057859E-6
530,4.087103722477989E-6
531,1.1890886185564898E-5
532,1.3438970765071526E-5
533,0.0033527273964321837
534,1.2039037773250134E-6
535,1.1711943086451052E-5
536,2.329534061796368E-6
537,4.102055096349389E-6
538,1.8607716125797961E-6
539,5.178672975445657E-6
540,1.6866697648439955E-5
541,2.189773264395823E-4
542,5.34682861374068E-6
543,4.953851740511008E-6
544,4.167206956771219E-6
545,4.7530607689174736E-4
546,1.1894917110561904E-6
547,0.02023952951870374
548,4.187438532195487E-6
549,3.5249389415094196E-6
550,0.001887837499820654
551,3.839118589412809E-6
552,9.203439687281345E-6
553,1.6063695951973892E-4
554,9.968747998108477E-5
555,1.4978868200871852E-6
556,0.004349269618726694
557,5.6775406301344326E-5
558,3.6577312913047645E-4
559,2.6696123576119067E-5
560,4.073361925174475E-6
561,2.4771765327701086E-5
562,7.521448835749772E-6
563,0.004762111412975865
564,1.385360997424483E-4
565,5.2320520556146576E-5
566,6.875175160173378E-6
567,2.913137426933837E-6
568,4.298651900043328E-5
569,2.2700632833843043E-6
570,2.2153592326217277E-4
571,1.4515299707497915E-6
572,2.234654369173284E-5
573,6.898808410457362E-4
574,3.6806586958166126E-5
575,2.774371767770057E-5
576,1.5982464175771198E-5
577,1.5704252288808747E-6
578,2.7682913085382687E-6
579,0.0013639635995639924
580,1.0987722385728838E-6
581,2.6936202963187344E-4
582,3.922803600849793E-5
583,5.192483079093389E-5
584,0.008280615377448607
585,7.1148958770805296E-6
586,4.038432228010046E-6
587,2.389971339817813E-5
588,0.0037132131553999246
589,0.0016740263088956427
590,3.6847040697137615E-6
591,1.89607229565947E-6
592,8.424001380498432E-5
593,4.81921776550216E-6
594,2.8389733963914456E-6
595,0.0035298302850808997
596,3.7261109723130886E-6
597,1.3990175288644527E-5
598,0.002226267242602407
599,8.289610051144905E-6
600,1.4223468917570665E-6
601,2.7683885266192377E-4
602,1.5593358751881074E-6
603,1.0956890511071263E-6
604,1.049891292582938E-6
605,1.1983295962888334E-5
606,1.4203282565001643E-6
607,7.279222080040409E-6
608,7.78246510566793E-5
609,4.796851483121066E-6
610,2.5349976023934966E-6
611,8.679480564864964E-6
612,2.3826748819583275E-6
613,3.169635742007722E-6
614,4.112673893467365E-5
615,2.248772949361908E-4
616,0.0022104256232774607
617,1.5347790946448274E-5
618,1.326101008031554E-6
619,6.801626349906055E-6
620,8.621450882997022E-5
621,2.976884534471336E-6
622,2.8383158190859947E-5
623,2.916037428184505E-6
624,1.4776300516099977E-6
625,2.3352899241242192E-5
626,3.716734725320249E-5
627,9.429716495332902E-6
628,5.1737079120254886E-5
629,0.03926013048023004
630,3.481390253719877E-6
631,2.715602313583167E-6
632,7.371487836509762E-5
633,1.3664753292252514E-6
634,9.670580438041703E-5
635,2.537823510225149E-4
636,6.552113432712531E-6
637,0.0048159897423017345
638,8.561583614826027E-6
639,1.1095899984259145E-6
640,2.4362610139938443E-6
641,5.300931724778175E-4
642,7.740376363642939E-4
643,2.2812088003491783E-6
644,2.4408885244801034E-4
645,3.7370735473394608E-6
646,1.3593758898783496E-5
647,4.2314135176371515E-5
648,1.1850764142476045E-6
649,9.222758783508191E-6
650,1.635439428517899E-6
651,1.611090363350764E-5
652,1.2045754308165136E-6
653,8.579105363681219E-5
654,0.0014568879916200914
655,3.1087033953278053E-6
656,6.69130313786363E-6
657,3.550946790051031E-5
658,0.001972523964640122
659,4.242121241797272E-6
660,1.0262755081957905E-6
661,4.3748446802092615E-6
662,7.17095369150092E-6
663,3.206550432534095E-5
664,1.0153578013629646E-6
665,6.8426334503319305E-6
666,3.082976640918118E-6
667,7.077975844396752E-6
668,2.5913922022565847E-6
669,4.5150494013806693E-4
670,4.221704681767255E-6
671,4.6985255781764076E-6
672,2.755992159642463E-6
673,7.507951387985669E-4
674,9.97471453600103E-6
675,3.0265927601493114E-5
676,9.681428212879581E-6
677,1.6238031457504817E-5
678,4.924235542835304E-6
679,0.0025964689462433252
680,4.502273163341004E-6
681,1.1116990571248618E-4
682,3.9791755980464315E-6
683,2.0378422531298256E-6
684,8.600967779606E-6
685,1.7087136584071127E-6
686,1.915160305357874E-6
687,1.0874002875475053E-5
688,8.579119631578676E-6
689,4.5042956018169326E-5
690,0.0035172672755559775
691,1.3092917500939536E-6
692,1.049724313449674E-5
693,5.799785652607844E-5
694,1.2667970378722987E-5
695,5.674500047594112E-4
696,1.0933035556700967E-4
697,4.728821779956766E-6
698,3.1748988202133635E-4
699,0.002433162252375613
700,9.858417325246613E-6
701,5.5027061809479715E-5
702,1.7428275867148532E-6
703,1.401283411775644E-4
704,1.036216055806163E-6
705,6.452726764717471E-6
706,2.9734287809567885E-6
707,2.697389632892059E-4
708,1.2515155139747162E-4
709,2.7820330388667265E-6
710,1.5591192379718808E-5
711,1.2738186261125508E-6
712,2.1718000182617475E-6
713,3.6657255955981337E-6
714,1.4035164211200637E-6
715,1.3308924124503581E-6
716,1.0057063231149277E-6
717,6.360674673716298E-4
718,3.3942061320103165E-5
719,1.8645534787962191E-6
720,2.691090007070252E-6
721,8.368176765850774E-6
722,1.5899533606805393E-6
723,2.43389358492324E-6
724,1.0780698501290345E-6
725,1.2093079264222664E-6
726,0.0018802646181613136
727,1.8223628011020829E-6
728,6.344156739466482E-6
729,0.020787954849119872
730,0.012849754192299962
731,2.9074280881727758E-5
732,5.491565200679969E-6
733,4.449147018490923E-6
734,1.0028484992336598E-6
735,4.278458794551242E-6
736,1.0199190827368602E-4
737,3.7200457967534104E-5
738,4.861764978891358E-5
739,1.2437473533121299E-5
740,2.1458474188253382E-4
741,3.0910598820134067E-6
742,7.5653002654618886E-6
743,0.001188212641591166
744,7.420909673319525E-4
745,1.0800970188878144E-5
746,0.0519326736655167
747,4.505847439302257E-6
748,1.7546267145754222E-5
749,1.1988305024949933E-6
750,4.386533599953761E-6
751,6.866023987196754E-5
752,2.8772770124476823E-6
753,1.5996455610580338E-5
754,6.726353556966794E-6
755,2.9484597832519265E-5
756,7.801856086581026E-6
757,2.6703704610294308E-6
758,1.2794312682126954E-6
759,5.259164456795216E-5
760,3.1179747549252095E-5
761,1.1391590110558081E-6
762,1.2786218896517885E-6
763,2.8953728179555823E-5
764,8.905669782416082E-6
765,1.2968313712813294E-5
766,4.5179881758847265E-6
767,2.478641269857829E-6
768,1.3826149677252022E-6
769,2.3860730771343097E-6
770,1.9268369610074595E-6
771,0.014788787680141227
772,4.072970906790577E-6
773,4.2749859188141796E-5
774,2.945220685586594E-6
775,2.528854782398008E-6
776,1.3236482891373133E-5
777,4.428243132097057E-4
778,3.583969082912677E-5
779,2.061006457665613E-6
780,5.133115344506354E-6
781,8.541018364154598E-6
782,1.1401003079574545E-5
783,1.3665439400644096E-6
784,5.496994886305574E-6
785,3.352371992110945E-5
786,2.836141570720556E-5
787,0.001225609413593332
788,0.02117842731758779
789,0.04728671359649138
790,2.7224105173544575E-5
791,6.599536682937985E-6
792,1.6303318557176477E-6
793,4.665115902277683E-5
794,1.8402307049603712E-6
795,3.273884630163965E-6
796,7.705021388232255E-6
797,9.917380483927821E-5
798,1.119566843929734E-4
799,3.001091125887236E-4
800,1.0065799343744638E-4
801,8.212106152239617E-6
802,2.4343861345057156E-5
803,1.0425283384234869E-6
804,8.188231039497597E-5
805,1.7038126704687968E-6
806,2.297455658220565E-6
807,8.838311583112819E-4
808,7.057130929241499E-6
809,8.48692497411232E-5
810,0.002337352912007438
811,2.654423960098531E-4
812,9.060547441857058E-5
813,1.358483095092801E-6
814,2.530298085555987E-5
815,9.410378475993906E-5
816,2.7409146840641274E-6
817,5.600244015294343E-5
818,1.160278948419644E-5
819,5.397355132219729E-5
820,7.024899317113644E-6
821,3.3750414308265216E-6
822,8.220112734231797E-6
823,5.181193364154247E-6
824,2.346128021825763E-6
825,0.03031040320328877
826,1.998503142766536E-5
827,3.6194302444716915E-6
828,2.8370899750175526E-5
829,2.5302558214842634E-6
830,7.359950005485449E-6
831,5.068884915118449E-6
832,0.001469964663310937
833,1.646861171782902E-6
834,3.5070379676788213E-6
835,8.473910867475494E-6
836,0.002387659906000173
837,1.89042838150318E-5
838,4.2993629658812266E-5
839,7.0165143707658075E-6
840,1.5163477220808602E-6
841,5.993723874211304E-4
842,4.178675671260233E-6
843,5.836413713978488E-6
844,5.1362579953421925E-6
845,1.326222748041803E-6
846,1.3722232454277314E-6
847,1.8791084485683036E-4
848,3.7417966907637573E-6
849,1.777635262103642E-5
850,1.4616039692762281E-5
851,1.293108933494939E-6
852,0.004048622701986893
853,2.3475331123782667E-4
854,1.5340429277786575E-6
855,6.808835444872417E-6
856,3.8203275618440356E-5
857,5.027870812490546E-6
858,3.90757818477971E-5
859,8.019036729304078E-6
860,1.1895513367000322E-5
861,1.5233112760304277E-6
862,3.861782278476901E-6
863,7.744483218885518E-6
864,5.55279286331374E-5
865,1.2745017660339415E-6
866,1.7337488275156452E-5
867,1.4498618055275227E-5
868,2.1807638304151887E-6
869,1.8743595240938184E-6
870,1.992119304874141E-6
871,1.119871483554697E-6
872,0.015657766284858942
873,1.4215296559197875E-6
874,1.2777383318811246E-6
875,4.71109407920347E-6
876,9.910833761555893E-6
877,4.186795729012462E-6
878,1.609979563349952E-5
879,1.184068025877815E-4
880,7.404516834055173E-5
881,1.2562308112504014E-6
882,4.98516361807996E-5
883,8.797905316349312E-6
884,2.9200369665137573E-6
885,0.04851526789362938
886,2.848658704366028E-5
887,5.3115994758126324E-5
888,7.6833365856412E-6
889,4.715518700676041E-5
890,0.0011355398306632067
891,1.313718559259711E-6
892,1.5846940179496343E-6
893,3.105828989084053E-4
894,8.207532034209989E-6
895,1.80747526435481E-6
896,1.6708984456665566E-6
897,1.6561553470986506E-6
898,7.515350303124646E-6
899,1.0491687596415715E-5
900,1.6196765034094856E-5
901,0.0011143670284323999
902,2.910552696177672E-6
903,2.689944175990953E-4
904,9.460809292164012E-6
905,4.4869240182869715E-4
906,5.782076860690224E-6
907,3.129830004780551E-5
908,2.429778545872833E-4
909,2.3314203252395648E-5
910,2.6836622825909715E-6
911,3.4367535621798507E-6
912,0.030547102480137884
913,2.0244886480514506E-6
914,2.5952758166089895E-6
915,2.827126078166256E-5
916,1.9778635713836532E-6
917,1.2074790449627751E-5
918,7.773538976031135E-6
919,2.5417864323574423E-6
920,1.355943081877004E-5
921,5.250801346753716E-6
922,0.0037770335559350124
923,1.1352061556643868E-4
924,4.791372338908073E-5
925,3.216706800290555E-5
926,1.8560975924491111E-6
927,8.190498102990875E-5
928,1.1159764696744987E-5
929,4.400415459551893E-6
930,1.6656266808191463E-6
931,1.0897180968256377E-5
932,1.3074476277947014E-6
933,1.1164508506538762E-6
934,0.03987084840630398
935,3.963476757195375E-5
936,2.4541804246152146E-5
937,5.334490248569011E-6
938,1.0040838165842967E-5
939,3.76372587198443E-6
940,7.930042439164107E-4
941,1.952415269638985E-5
942,1.1831837141772477E-6
943,1.0928336249820625E-5
944,4.035192212673919E-5
945,2.7953440713325887E-4
946,0.02006824863387658
947,1.0128685502359081E-6
948,6.791433098962445E-5
949,3.2073628698585385E-6
950,1.0684821516714775E-6
951,5.591887246847836E-6
952,1.8601699882531624E-6
953,1.005238286042465E-6
954,1.1831873389835348E-4
955,7.370761584112946E-6
956,1.0251747363873155E-6
957,1.4374551033513786E-6
958,7.544270691923155E-5
959,2.5094557922922556E-6
960,1.9136743578463208E-5
961,0.0016738249901464533
962,1.7126801485947125E-6
963,3.9769469426426324E-5
964,5.083403258675299E-6
965,6.712656479806736E-6
966,7.820172371665401E-5
967,7.67126944450504E-5
968,8.121942581956244E-4
969,6.638418420606084E-5
970,4.526483282447046E-5
971,3.414735887596107E-6
972,0.027308221668953487
973,0.003899382435060686
974,1.6016079935501163E-6
975,3.131835265290256E-6
976,2.555461306269831E-6
977,4.088444880948714E-4
978,2.675790822775127E-4
979,1.563032449476997E-6
980,2.544882563185557E-6
981,3.5854798746615648E-6
982,1.736911246809521E-6
983,1.942691507723009E-6
984,5.794730803609891E-5
985,4.8204583453083825E-6
986,8.375002831428226E-6
987,9.859689400043164E-6
988,8.073987165188904E-6
989,1.74310994597164E-4
990,5.3631608478828494E-6
991,3.936821507047369E-6
992,5.4854834092897385E-5
993,1.6266244066254483E-4
994,1.5730752178274976E-6
995,6.952278995960788E-5
996,0.0029686903506182484
997,3.966297940924225E-6
998,1.405838484320045E-6
999,2.7343819382483896E-5
1000,1.2169700177858242E-4
1001,1.5048275768108688E-5
1002,2.090605170621749E-4
1003,2.1723362928723837E-6
1004,1.0171989108593403E-5
1005,2.274775449571899E-6
1006,1.0428046362895104E-4
1007,1.879240396244989E-5
1008,2.1062691846888577E-6
1009,0.01170468908404968
1010,9.339513019195005E-6
1011,1.940834225151053E-4
1012,1.1502444790244193E-5
1013,2.6197063216276125E-6
1014,7.542595952200194E-4
1015,3.342921222220235E-6
1016,5.472995308753359E-4
1017,0.0057080755008299695
1018,1.1158689785319592E-6
1019,1.8924315802392386E-6
1020,2.6160811222039166E-6
1021,0.01860395730888473
1022,6.88038374083822E-5
1023,2.0461158599874784E-6
1024,0.08724522755933327
1025,9.788693059295064E-4
1026,5.453842895043171E-5
1027,5.05333048266641E-5
1028,7.823888144909723E-5
1029,1.2544550874141733E-6
1030,1.2680720150046225E-6
1031,1.960704638211709E-6
1032,1.2175615815645315E-5
1033,4.4948093526457096E-4
1034,8.322091848946982E-6
1035,2.4980605824240342E-6
1036,1.8672314110153927E-6
1037,5.6399669967141355E-6
1038,6.756067998171243E-6
1039,3.662072230520391E-4
1040,4.922390817892473E-6
1041,7.919485536304838E-6
1042,1.4560309895504192E-5
1043,4.6950016049891453E-5
1044,2.4982692006827924E-4
1045,1.9330249141828143E-5
1046,3.077473400554376E-5
1047,1.6117072378523583E-5
1048,1.555918731303907E-6
1049,0.002510855187012988
1050,0.03795658001919279
1051,1.0213864839576025E-5
1052,2.65548868178665E-6
1053,0.01684040477731097
1054,1.0530576453451973E-5
1055,1.3041430288271644E-4
1056,1.0809508344688304E-4
1057,7.442717022910895E-6
1058,4.965110325710854E-6
1059,3.1520213167760095E-6
1060,1.3786013875904083E-6
1061,5.0831684797276305E-6
1062,0.0033302404350916606
1063,7.182474670944956E-4
1064,9.493301214823474E-5
1065,1.0839366886175812E-5
1066,2.4467002224076604E-6
1067,6.712329490601136E-6
1068,3.493634385364435E-5
1069,1.9663823902412387E-5
1070,8.346966259738849E-4
1071,4.512242101915599E-6
1072,1.812860086420505E-5
1073,3.5895395992718432E-6
1074,4.40665361184992E-6
1075,1.566642234978216E-5
1076,1.2077248506751725E-6
1077,1.0619843123377652E-6
1078,2.493063583137432E-6
1079,5.667816449593572E-6
1080,0.006354832536124366
1081,2.3846922943810725E-6
1082,5.6401017887637126E-6
1083,4.736507277198464E-5
1084,3.426044342803367E-6
1085,1.0248891935093556E-6
1086,1.0968458304033957E-6
1087,7.207451393348691E-6
1088,5.729398566577562E-4
1089,1.5611150426496026E-6
1090,0.0016672415013152294
1091,1.8243484175701464E-6
1092,1.298131569015352E-6
1093,3.0298412805792816E-6
1094,2.0231329688726416E-5
1095,1.229891419856131E-4
1096,4.393018181016046E-6
1097,2.5870789632684165E-6
1098,5.525035563584307E-6
1099,8.845529782422875E-6
1100,9.705367797105529E-6
1101,8.444528685084045E-5
1102,3.544274067703995E-5
1103,1.3078259037669628E-5
1104,1.805494836209101E-4
1105,4.270879182991974E-5
1106,3.3923895430161853E-6
1107,6.582989526558455E-5
1108,8.945134494017546E-5
1109,0.004208454327899097
1110,4.456019235700288E-5
1111,2.1526450469147473E-4
1112,2.72440938635764E-6
1113,1.0807698118827409E-5
1114,0.006005960170694004
1115,2.5892416084441174E-4
1116,7.748559996386259E-5
1117,0.023807339419616984
1118,5.3621723028643915E-5
1119,3.286562559365978E-4
1120,1.4190612909633966E-5
1121,1.9695783890988115E-5
1122,1.2314563135866277E-4
1123,1.3293368777375353E-6
1124,8.86666085590217E-6
1125,2.30476431676347E-6
1126,1.2924973490510248E-5
1127,2.1050968248999678E-5
1128,1.0449202785746843E-6
1129,3.9710933725924054E-4
1130,0.0013106691507059546
1131,9.15965247867587E-4
1132,1.5177352983825108E-6
1133,5.586539274442256E-6
1134,1.5897483603706257E-6
1135,9.69666930208375E-6
1136,1.671905484905475E-6
1137,6.376259853763983E-6
1138,7.475741225123133E-6
1139,2.5580922054905114E-6
1140,1.2091133820208356E-6
1141,3.4063640789476035E-5
1142,3.6481462191499404E-6
1143,4.2131786877598664E-5
1144,1.9218456155940095E-4
1145,4.8974471262955155E-5
1146,3.301204296623553E-6
1147,2.8663833816086533E-6
1148,1.8957083713887E-6
1149,0.007589005598299952
1150,0.004847145415156802
1151,3.821323858013258E-6
1152,2.0618577146265264E-6
1153,1.7192904371450883E-5
1154,6.461885680827493E-4
1155,2.0465441668144604E-5
1156,1.9773712653842664E-6
1157,2.400062024606738E-4
1158,1.5653962619819E-6
1159,4.162990531088723E-5
1160,1.7698208736129124E-6
1161,2.5118021980181692E-6
1162,6.763826295486242E-6
1163,1.5226871408254293E-4
1164,1.246374292502843E-5
1165,1.79220795526974E-4
1166,1.1173547798875468E-5
1167,3.3574189989336445E-6
1168,0.007155303148861957
1169,1.7929629610404511E-6
1170,1.3315236987626543E-4
1171,2.2491705629653615E-6
1172,2.508214758840439E-4
1173,1.6343748453532992E-6
1174,1.345286939334902E-5
1175,1.0925158870278393E-5
1176,0.005916120849425066
1177,6.404202335697278E-5
1178,4.1614995094998227E-4
1179,0.010960852693918768
1180,6.226979300720786E-5
1181,3.5260664192060055E-6
1182,1.0657058555880334E-4
1183,2.54455439391632E-6
1184,1.6154413904748124E-6
1185,1.7052139309445607E-5
1186,9.012626988318952E-5
1187,2.824629423435667E-4
1188,2.0848894284819066E-6
1189,8.831880287688093E-6
1190,1.4140396691449504E-5
1191,6.843660957737265E-5
1192,2.040919766032563E-4
1193,1.789833796020086E-6
1194,2.0089004758427133E-4
1195,1.1888799414559404E-5
1196,7.146205685707874E-6
1197,1.671786925637281E-6
1198,1.0652004920686925E-6
1199,1.6268971804284718E-6
1200,4.711783549664434E-4
1201,1.0037869138822398E-5
1202,3.346257246166677E-6
1203,0.0013125950308820167
1204,1.5035266809896921E-4
1205,2.3470919965176152E-5
1206,3.345567677536527E-6
1207,2.4061800661631246E-5
1208,0.013681036432813877
1209,4.407906042079269E-6
1210,6.43243128801563E-6
1211,0.0010151945040301332
1212,8.220182659007134E-6
1213,1.1355971802057753E-6
1214,1.0780968101607306E-5
1215,0.001958114995111639
1216,4.788422652910809E-6
1217,2.0764337958574723E-5
1218,5.2216139284991275E-6
1219,1.0090319706975193E-5
1220,2.278916316587869E-5
1221,5.037964596143671E-6
1222,1.1867831051877146E-5
1223,3.1660272190796457E-6
1224,0.0013835840278027581
1225,2.384888741117782E-6
1226,8.149492823480265E-6
1227,4.522406209763755E-6
1228,1.116668302095584E-4
1229,0.09933070455033804
1230,2.1541873391766957E-6
1231,1.6898821309510421E-6
1232,6.131596928318345E-5
1233,1.8733005851887541E-6
1234,8.993386694350601E-4
1235,2.013380689613778E-6
1236,7.451381482444735E-4
1237,9.557688299052801E-4
1238,1.8142343606362626E-6
1239,1.5486392751884146E-6
1240,2.497472922871131E-6
1241,1.0425641075066982E-6
1242,1.0640695464073898E-6
1243,1.1343903850249868E-5
1244,1.3354348946976267E-4
1245,7.249528058614552E-6
1246,8.979203890256116E-6
1247,1.4216164925517348E-6
1248,1.2364726099955165E-6
1249,1.2099421821959375E-5
1250,7.177393284920186E-4
1251,1.1140125385243416E-6
1252,1.364500753535318E-5
1253,1.3065737025377823E-6
1254,1.2303940591540726E-6
1255,1.0645108639297925E-4
1256,1.022161792645119E-4
1257,5.993292631113528E-6
1258,7.685818996130524E-6
1259,1.0625959057517516E-6
1260,5.136037152231733E-6
1261,4.3634967946438865E-5
1262,1.0851149296490742E-5
1263,1.4802427655625914E-4
1264,1.2820384208633345E-6
1265,7.314835070749554E-6
1266,2.5482467683224265E-5
1267,5.706036671333546E-4
1268,1.5864065667405648E-6
1269,6.93646738014802E-6
1270,0.001010165902969779
1271,4.587483830948717E-6
1272,1.1512781986005018E-5
1273,0.00571576636802827
1274,1.581529319415958E-6
1275,3.416542892090802E-5
1276,9.786010262965964E-4
1277,1.6176146258500357E-4
1278,2.3781039754881077E-6
1279,1.789836161610784E-5
1280,7.74247485006835E-5
1281,7.486744484691505E-6
1282,2.6485825957329478E-6
1283,5.834110462822872E-6
1284,3.3147275382121783E-6
1285,4.419398510336449E-6
1286,1.4988186961759637E-4
1287,4.91315405301485E-6
1288,2.3063477266687448E-6
1289,4.9061871922562815E-6
1290,0.003964159347453968
1291,6.928828883801628E-6
1292,6.228268926996958E-5
1293,1.5408776747801737E-6
1294,1.209264417127976E-6
1295,1.4924765305378697E-4
1296,1.0247795454511896E-6
1297,5.052588819603597E-5
1298,6.182608623491745E-6
1299,9.9552692129702E-5
1300,6.04587273453337E-4
1301,1.3507635970576213E-5
1302,0.0017765794360485847
1303,1.5931811207255584E-6
1304,7.43330452844465E-6
1305,6.816500513395404E-6
1306,2.09228099994836E-5
1307,0.033435914354968656
1308,3.204820293621821E-6
1309,1.2160811952965787E-5
1310,1.9205630294538296E-4
1311,0.012126183857584849
1312,2.7251063458072516E-6
1313,0.00932926340022338
1314,8.629329350000732E-6
1315,7.90859973982167E-5
1316,1.075342675831886E-6
1317,1.671299986887167E-5
1318,6.449900393552596E-5
1319,7.753367407283406E-6
1320,4.55092938276647E-5
1321,1.541501149574362E-5
1322,3.050374851204495E-6
1323,5.219062541135452E-6
1324,3.3529532879635707E-6
1325,1.928682875077419E-5
1326,1.0286537426683438E-5
1327,1.1059818015786735E-5
1328,4.742588712530385E-6
1329,1.1462219502674294E-6
1330,0.0017125227706926687
1331,1.0303358044733758E-6
1332,5.189673257220876E-6
1333,6.942904887272297E-5
1334,1.5741094348903543E-6
1335,5.874961019013793E-4
1336,2.3671799653992465E-5
1337,2.8066764654088825E-6
1338,0.05110331665815002
1339,4.179075491709085E-6
1340,3.3158154235665967E-6
1341,3.1851889338278167E-6
1342,1.5233615155608743E-5
1343,1.1494801399855938E-6
1344,1.7787781953404475E-6
1345,3.0356629319165344E-6
1346,7.902325672307221E-4
1347,1.047999923695161E-6
1348,8.687929497941205E-4
1349,1.0830439472824244E-6
1350,1.0670297403261028E-5
1351,6.461560753718263E-5
1352,3.061192859608399E-4
1353,2.4324943892790757E-5
1354,1.2342777418606314E-5
1355,2.1757793972822004E-4
1356,5.271906936268592E-4
1357,0.0015592882853400233
1358,6.483417090605393E-6
1359,0.009068977686862939
1360,0.0014193027637451783
1361,1.0117550585056336E-6
1362,1.8546086251273024E-4
1363,3.8818150661951395E-4
1364,4.117043455124284E-6
1365,4.613331374595896E-4
1366,8.331052813459095E-6
1367,9.676746460644958E-6
1368,3.782568963437301E-6
1369,1.131998106250231E-6
1370,1.045512404169766E-6
1371,2.489385383743209E-6
1372,2.4168856197839106E-4
1373,1.1042859623755603E-5
1374,0.0054121378683987436
1375,5.647260989973434E-5
1376,1.1219670606129238E-6
1377,7.890273762000085E-6
1378,0.004053850359262447
1379,2.8857758112490755E-6
1380,5.521628552728659E-6
1381,3.066070011466168E-4
1382,8.740001680114761E-6
1383,1.5054884943239983E-5
1384,7.470436657134612E-6
1385,1.8417354920731926E-4
1386,2.7447764557258697E-5
1387,3.932088166302227E-5
1388,2.474456574601135E-5
1389,5.152110720142292E-4
1390,2.2981196469896208E-6
1391,2.5633812387771762E-6
1392,1.1068188976965208E-5
1393,1.1702998938644371E-6
1394,2.5764537199675196E-4
1395,1.866949609899506E-6
1396,0.08859573516794675
1397,1.7010090646548744E-6
1398,2.011262083518444E-5
1399,0.022317204984423068
1400,2.8042591855934246E-6
1401,2.6737947623021573E-4
1402,1.941573223904003E-6
1403,1.0633331715608175E-6
1404,3.322656532473198E-4
1405,5.084842384962849E-6
1406,9.491600105165226E-6
1407,1.6684951494006928E-5
1408,1.8059845131010688E-6
1409,8.350135015844323E-6
1410,7.001121073902921E-6
1411,4.904428293866838E-5
1412,1.0297511954792205E-6
1413,0.005512316065826848
1414,7.315666174209908E-6
1415,4.259395512167255E-6
1416,3.234567937489365E-5
1417,1.3601118277504665E-4
1418,2.080003710243027E-4
1419,6.279827546632361E-6
1420,2.917440825893171E-4
1421,1.487238719372346E-6
1422,1.8521491675620815E-6
1423,1.4861283971897674E-6
1424,2.0429063526620254E-6
1425,2.1981956912144667E-6
1426,4.89244642754517E-5
1427,3.397712541298309E-6
1428,4.779905499959008E-6
1429,1.7744388256282117E-5
1430,1.0277633716624471E-5
1431,2.9100361255546725E-6
1432,8.286982349148275E-6
1433,2.2538781052587184E-6
1434,2.1092868084751845E-5
1435,2.836830962274656E-5
1436,1.6482318122941931E-6
1437,2.3642768461283374E-6
1438,1.509420743775772E-6
1439,3.2951388335854223E-6
1440,2.313577352037497E-5
1441,6.629066820107903E-5
1442,3.734218939596954E-6
1443,0.05756552358583611
1444,5.769184810198735E-6
1445,0.001956944801873674
1446,1.2912481830035613E-5
1447,1.7969005404341977E-6
1448,1.2066781768242233E-6
1449,2.6925091359598186E-6
1450,6.024974555227917E-6
1451,1.566539442655829E-4
1452,7.656806103879151E-5
1453,2.00061028343908E-4
1454,1.0455395624727588E-4
1455,1.0819553303743718E-5
1456,1.1068050732536544E-6
1457,2.3209505804574924E-6
1458,9.467173893889786E-6
1459,1.4185919837703129E-4
1460,2.6421470434961357E-6
1461,7.418967737879982E-5
1462,2.8394685817765404E-5
1463,6.094770128345961E-6
1464,6.116279860168497E-6
1465,1.7154728426342615E-6
1466,5.74820123602479E-5
1467,0.003709880219853653
1468,0.0010054102148525114
1469,1.1577280966748682E-6
1470,1.227823303200591E-5
1471,5.8578873743499204E-5
1472,8.590220322554857E-6
1473,6.204892264836485E-5
1474,6.28849100328178E-5
1475,5.346220778112382E-6
1476,1.7538403476998625E-5
1477,1.376643237299046E-4
1478,0.001190771249105299
1479,1.1916818589047236E-4
1480,0.002012547325897285
1481,2.115797487643733E-6
1482,1.3381798942107965E-5
1483,3.8316854213976345E-5
1484,4.1468168081859266E-5
1485,2.150763505028681E-5
1486,3.1278564775324484E-5
1487,3.3525232661230163E-6
1488,5.704306469792899E-6
1489,1.7960647991951703E-5
1490,3.282891896523948E-6
1491,1.8380859968430066E-6
1492,4.687809094280037E-4
1493,6.783024586877154E-6
1494,1.9596277955955577E-6
1495,1.4274358276030232E-6
1496,3.2271481827474043E-4
1497,2.7639459530062147E-6
1498,2.2236459608047694E-6
1499,3.1920703221179904E-6
1500,4.079755727184727E-6
1501,2.3342376687114063E-6
1502,0.01652023263307523
1503,1.1878110201012806E-6
1504,6.098880627646053E-5
1505,9.676637145861261E-5
1506,7.071634987120879E-4
1507,2.6992441204995578E-5
1508,8.788118465731668E-6
1509,5.816921515952406E-5
1510,5.536146632091576E-6
1511,1.3776148920404865E-6
1512,1.1591884000162122E-5
1513,0.015248080843564549
1514,0.006347450169072756
1515,5.543891413506588E-5
1516,2.1639077235129215E-5
1517,0.001542995451438183
1518,2.0074577580770107E-6
1519,4.497481703043451E-4
1520,0.0023303660354129572
1521,5.8366709506073986E-5
1522,1.6713962237092636E-6
1523,2.5349634823784E-4
1524,3.6272820917002323E-6
1525,3.231153526566581E-6
1526,0.035089464814343725
1527,2.5644322249888945E-4
1528,8.74750465552566E-5
1529,4.1305601077869236E-4
1530,1.2699797696867511E-6
1531,3.534283393818377E-5
1532,0.03382564506546458
1533,9.674735453805353E-6
1534,2.118029943487654E-4
1535,1.542591485616327E-4
1536,0.00117429631598883
1537,2.5892219654562184E-6
1538,4.014492406900269E-6
1539,1.094752724027993E-6
1540,1.6988369848692906E-4
1541,1.9321277266048906E-5
1542,1.8926077803908486E-5
1543,4.85045506150243E-6
1544,3.513891762871311E-4
1545,1.7288634097678873E-6
1546,1.9553844386428498E-6
1547,1.04867007534684E-6
1548,5.450729973197544E-6
1549,4.075605178458856E-6
1550,9.021792108526827E-5
1551,2.4874763754937925E-5
1552,2.92999598137004E-6
1553,0.0016361798924660223
1554,6.344307504906862E-6
1555,1.858935898048111E-6
1556,2.9789188521388026E-6
1557,4.8091413530052717E-4
1558,1.763098146732228E-4
1559,1.3955124950667923E-6
1560,2.111702985306188E-6
1561,2.979148743345276E-6
1562,4.3069738765076366E-5
1563,1.3171135287825953E-5
1564,2.353097657089551E-6
1565,5.481017917211779E-5
1566,0.0030485452502233908
1567,3.8786655209791025E-4
1568,2.904855092542724E-6
1569,1.8468397275116694E-4
1570,0.010408665081865004
1571,1.0543335888123771E-5
1572,5.617733611691505E-5
1573,3.984697285980032E-5
1574,1.329534661048713E-5
1575,2.2849266734022796E-5
1576,1.5589926814600732E-5
1577,2.243070538213104E-5
1578,0.01731535748404421
1579,2.5934909791179133E-4
1580,2.948525250945914E-5
1581,7.511973914236809E-4
1582,6.295823971934847E-5
1583,0.035556998985703824
1584,1.6839366823015586E-4
1585,2.776744852642318E-6
1586,0.012108426120910343
1587,0.0012200557080084792
1588,2.5309681264677515E-5
1589,1.4156641533627958E-5
1590,2.1947489012497344E-5
1591,1.9715617831034543E-5
1592,4.618834678072286E-6
1593,0.011798183951111978
1594,3.436121686289165E-4
1595,9.709672094907366E-6
1596,1.02124193015423E-4
1597,1.3086532619679397E-6
1598,2.8204174083360065E-4
1599,3.5943615616861735E-4
1600,8.035089111991405E-6
1601,1.4735375463130936E-6
1602,1.2394075584843062E-6
1603,3.7986741729684615E-5
1604,3.791401620941267E-6
1605,6.038912973142941E-6
1606,2.1634216918912094E-6
1607,0.0011383342933713777
1608,9.172736733250759E-5
1609,3.5066503268413572E-6
1610,6.2087805049522134E-6
1611,3.2611271484075637E-6
1612,5.518496648739096E-5
1613,1.6708996228117948E-6
1614,9.691988790447234E-4
1615,1.2074658107045149E-5
1616,9.288118576403933E-4
1617,2.9709379717998604E-4
1618,0.005087016624398448
1619,1.1787731709686048E-6
1620,1.3791926150558204E-5
1621,1.438769181716795E-5
1622,0.0015016556056212025
1623,2.3794997632124803E-6
1624,1.3836394331006745E-6
1625,1.9811457158901447E-6
1626,1.2524776727709105E-6
1627,5.108001839932429E-5
1628,5.374107813772586E-6
1629,0.042520084346308
1630,4.472583841148567E-6
1631,1.4632797435917492E-6
1632,3.896808444865736E-5
1633,6.518351096862767E-6
1634,2.443544023821038E-4
1635,1.748481840153912E-5
1636,1.3811837600585132E-6
1637,3.768012292011892E-4
1638,1.0406571088058145E-5
1639,9.956252529366167E-5
1640,2.0394642494372207E-5
1641,9.746331809340764E-6
1642,1.6940889772788015E-5
1643,2.553521630451931E-4
1644,1.6834109616651935E-6
1645,0.0023204090439282454
1646,2.1957690550847235E-6
1647,3.7976153449125135E-5
1648,1.211483514284605E-6
1649,7.883960326139872E-6
1650,2.523531537585549E-6
1651,2.3963302313023984E-5
1652,8.234188692855149E-5
1653,0.029453512790073834
1654,9.5467710793135E-4
1655,7.752665276661906E-6
1656,2.4732801460043273E-5
1657,2.4707343434313383E-4
1658,0.00989629018100345
1659,2.698623373404314E-4
1660,1.751946759985713E-4
1661,4.478619838509351E-6
1662,0.06501321082470694
1663,2.605610572654275E-5
1664,9.883304601298887E-6
1665,0.004041395081900093
1666,1.3479139520772747E-6
1667,2.6103110094100675E-6
1668,1.9677054301234463E-5
1669,6.7926696167861974E-6
1670,1.4038239963465672E-5
1671,8.335873910315541E-6
1672,6.301340973489339E-4
1673,9.278944668022509E-6
1674,1.4394152445246791E-5
1675,5.283455700831965E-4
1676,1.3712549042351251E-6
1677,6.57358629981012E-6
1678,4.4417019529003964E-4
1679,0.04436161689847068
1680,4.994083201250142E-5
1681,1.8760105663438794E-5
1682,2.404405928517353E-5
1683,0.08533181578925979
1684,4.717861475539016E-6
1685,0.023509535353715305
1686,3.2789031753311413E-5
1687,1.4131360916496126E-5
1688,7.168380542395049E-5
1689,0.00938937545703784
1690,4.049446833951765E-6
1691,4.763990922959074E-6
1692,6.169740370030923E-6
1693,1.41513685305642E-6
1694,9.229972794706404E-5
1695,1.0708267763406569E-6
1696,1.4656642045437215E-5
1697,2.3950220919152883E-6
1698,7.040805470263685E-6
1699,1.4504640989230403E-6
1700,7.474977508040971E-4
1701,2.2054137171350063E-5
1702,1.5470781567458163E-6
1703,1.7854332506055735E-6
1704,5.317055221385475E-6
1705,5.677589431766813E-6
1706,1.7678706855084109E-6
1707,1.6020415906037007E-4
1708,2.505897848782632E-5
1709,2.2588704935105804E-5
1710,1.215873885393877E-5
1711,9.088799481297212E-5
1712,3.231307543113576E-6
1713,1.0732422518937223E-5
1714,1.6431256167887263E-6
1715,2.880179047833105E-6
1716,4.159344031832382E-6
1717,2.896883565936959E-5
1718,9.049238139463141E-5
1719,0.0019480002496593087
1720,1.6193185701296866E-6
1721,2.9671314482991265E-5
1722,1.5188249547851658E-5
1723,9.906206398574824E-6
1724,0.00329875120710721
1725,0.00874003305945036
1726,2.0405309572681226E-5
1727,1.0978203240260835E-6
1728,2.979400147595679E-5
1729,1.5610881527040462E-5
1730,6.96927337318585E-4
1731,0.006437816337670507
1732,2.006897479077752E-5
1733,0.00184908311273169
1734,1.3661459877088998E-4
1735,2.6537424772120105E-4
1736,5.254740043812244E-5
1737,0.004536879049053401
1738,5.171345377781073E-5
1739,1.293375724557934E-6
1740,2.6117782617508282E-5
1741,2.529306890767233E-6
1742,2.307034673764515E-6
1743,6.4018813255988925E-6
1744,1.3912241034335118E-5
1745,4.279055275864306E-6
1746,4.7945685752244915E-5
1747,1.670289899213854E-6
1748,6.8417559543058115E-6
1749,1.4669803745511183E-5
1750,4.940519796281365E-6
1751,4.1300967197248025E-4
1752,4.527855619415085E-6
1753,1.8117509346170897E-4
1754,5.693140063128467E-4
1755,2.1681821731618166E-6
1756,1.1110559360620104E-5
1757,1.0393227020398382E-6
1758,1.497330328011564E-6
1759,2.8186651058986115E-6
1760,3.0356436710184297E-6
1761,3.299132648765148E-4
1762,2.164247039984609E-5
1763,3.0471492083686387E-5
1764,8.076156510749385E-5
1765,0.001899731622773796
1766,1.4639391396967914E-5
1767,8.378632201857634E-5
1768,1.5444855281956758E-4
1769,1.6100187690293546E-5
1770,1.1223288231851395E-6
1771,3.3584113605182423E-6
1772,4.665136898971287E-6
1773,5.742381095379422E-4
1774,2.3149142633009087E-5
1775,3.454941345245548E-5
1776,6.399900663325563E-6
1777,0.013944599771005147
1778,1.1301284052441027E-4
1779,2.960140208894619E-6
1780,0.0020729389651601366
1781,2.7263466450582003E-5
1782,0.010245767157288458
1783,2.655987260379684E-4
1784,0.005208160104255705
1785,1.2560257692507676E-6
1786,1.136059164260899E-6
1787,5.800236913433607E-4
1788,1.1487258113805368E-5
1789,1.4337404639234574E-5
1790,0.031652910159816514
1791,1.166834824907115E-4
1792,5.031863455087067E-4
1793,1.007358561272949E-6
1794,3.223665001712038E-6
1795,7.833462614877963E-5
1796,1.878143335394527E-5
1797,0.007168490583994955
1798,1.1344988905497971E-6
1799,1.2659069959942331E-5
1800,1.3981511714637364E-6
1801,2.1641114448993585E-5
1802,2.1113934722076085E-4
1803,3.0833798535627336E-6
1804,2.5809175194491606E-4
1805,3.0484898511998183E-6
1806,0.001139778498574861
1807,1.6104883455117638E-6
1808,4.789224267064109E-5
1809,1.807895195426734E-6
1810,0.0027794703887511324
1811,2.4345024892787333E-6
1812,1.676433049279059E-5
1813,6.277180181527023E-5
1814,2.1849778263040976E-6
1815,4.099789395986353E-6
1816,1.7188919737875578E-4
1817,0.0011827992077891143
1818,2.3821408452442643E-5
1819,1.3367067781215027E-6
1820,3.391213534808376E-5
1821,4.832824500109298E-5
1822,4.330372225590584E-5
1823,2.589568775530961E-6
1824,4.1017755946182825E-5
1825,1.6299104718742496E-6
1826,1.006862752270897E-4
1827,2.247901801107392E-5
1828,0.0012703318312170307
1829,1.3268649351569071E-5
1830,8.471573458755243E-6
1831,6.026947987348693E-6
1832,8.582222952558178E-6
1833,2.4355732921420884E-5
1834,1.8040633337128874E-6
1835,1.1687218296497034E-5
1836,7.815656915254403E-5
1837,9.095113696342507E-6
1838,6.675653901544602E-6
1839,1.0752114686979291E-4
1840,5.228634818338319E-6
1841,1.658599966270716E-6
1842,1.660399502327493E-5
1843,0.006194171008357466
1844,1.3616559293900791E-6
1845,1.5368377966508715E-6
1846,8.669870927647664E-5
1847,1.1488677230226915E-5
1848,3.3637454193941765E-5
1849,5.548775862789903E-6
1850,0.046569218023614405
1851,1.6527545844881073E-6
1852,3.0438322897362476E-5
1853,1.4122502827699088E-6
1854,4.056935299232386E-6
1855,7.508909985868596E-6
1856,1.80119335945834E-6
1857,1.2135733772627916E-5
1858,1.709860525817989E-5
1859,1.0660513339451576E-4
1860,4.4196637276930335E-6
1861,0.003576394712405823
1862,1.3345416325943212E-4
1863,0.006066599021772976
1864,0.0380380917777494
1865,1.1553617517938224E-4
1866,2.5521968978176578E-5
1867,0.0012348166345520193
1868,6.763683798245346E-6
1869,2.5908226307685272E-5
1870,2.7057518034716478E-5
1871,2.068464936815446E-4
1872,2.7036968193952976E-4
1873,4.1167281225870856E-4
1874,4.367344962987063E-6
1875,1.8588989716526718E-6
1876,2.425810999492067E-6
1877,0.003926863220550714
1878,0.002261883945575821
1879,1.1827260192398841E-6
1880,2.8368390153028908E-6
1881,1.229363032890859E-5
1882,1.4908437548793098E-5
1883,1.1227286338083584E-5
1884,1.0442563398831016E-5
1885,3.7385052449963245E-6
1886,5.27828894126271E-4
1887,1.3557039889814972E-6
1888,3.1837948984869143E-4
1889,4.303368032665776E-6
1890,6.3362995212342225E-6
1891,3.584765602104473E-5
1892,3.965801117921385E-4
1893,8.199462267871594E-6
1894,4.994190266614422E-5
1895,1.122312196019423E-5
1896,6.040684787007551E-6
1897,1.1702180537975942E-6
1898,1.1759601623919767E-6
1899,3.5197920821083834E-5
1900,6.573658648605851E-6
1901,4.768111132167856E-5
1902,1.1281020986928032E-5
1903,2.559241296625979E-4
1904,3.4633639649698628E-6
1905,2.948086273549901E-5
1906,1.2217026670426033E-6
1907,3.4870711407825245E-4
1908,4.7360705154072095E-6
1909,2.2819280363171243E-5
1910,5.664056365132422E-6
1911,4.557603349589264E-6
1912,2.172523576444795E-6
1913,8.759679352879812E-4
1914,4.2017210917807317E-4
1915,6.228114451607882E-6
1916,8.238214353437324E-5
1917,1.0551257365864706E-4
1918,0.09646078324102475
1919,1.0233155877480524E-4
1920,1.9333275168934316E-5
1921,3.810567832559018E-6
1922,1.7202385021980836E-5
1923,1.6312211954071152E-6
1924,1.8008666325865698E-6
1925,1.5155644603140298E-6
1926,2.2145716071548057E-4
1927,5.279191206603888E-5
1928,5.877222333972352E-5
1929,3.621576476373119E-6
1930,6.838489668364585E-6
1931,0.02357007150770071
1932,8.192059858631976E-6
1933,1.6797352830848236E-5
1934,0.003911487615823238
1935,7.2488758066313545E-6
1936,2.1518418964950258E-6
1937,3.434383596108751E-5
1938,0.0025902055163452087
1939,3.957354252960047E-6
1940,1.5100721018889636E-4
1941,6.51591921554958E-6
1942,3.067623187095165E-6
1943,4.685021858369411E-6
1944,8.402520037098537E-5
1945,2.419209647167429E-6
1946,1.1707159483332683E-5
1947,2.5104317911975654E-5
1948,0.0012044653646286322
1949,1.723183380091283E-5
1950,0.0010365093627892573
1951,2.4109492516574795E-5
1952,4.5023892515906686E-5
1953,0.010826178006074823
1954,0.0032133810268323757
1955,3.392174121517886E-6
1956,0.06783335536026162
1957,1.3605822747866131E-5
1958,9.498781703844251E-6
1959,3.060464447049194E-6
1960,1.7884183826642226E-5
1961,7.82578596673945E-5
1962,1.468186799381641E-6
1963,2.4231081789480625E-4
1964,1.00165670116242E-6
1965,2.765447724338935E-6
1966,6.631519028047025E-4
1967,7.152521543660329E-6
1968,3.5417483287921553E-6
1969,5.457148299088195E-4
1970,1.1526827734396955E-6
1971,7.274688576936227E-6
1972,7.89705129186597E-6
1973,6.284928875099731E-6
1974,5.387622244875533E-6
1975,1.5259695600304063E-4
1976,2.4324264013568064E-6
1977,7.742157744324406E-6
1978,2.2291216234102517E-6
1979,1.744764412267663E-4
1980,3.2105678063648757E-6
1981,1.3177043294104476E-6
1982,4.543333436684285E-5
1983,6.229086740637163E-5
1984,4.728235225595437E-6
1985,9.747743419818583E-6
1986,3.727698749737299E-6
1987,6.192386220395907E-4
1988,3.095440951573789E-5
1989,1.3678327018220514E-6
1990,2.287043402603023E-4
1991,5.3607135597017586E-5
1992,9.516408508879332E-5
1993,0.005222472524323748
1994,5.41395604716172E-6
1995,7.2905789975377965E-6
1996,4.449446092891623E-4
1997,4.073883124921737E-6
1998,1.1942280460595272E-6
1999,3.2010193684085065E-4
